energy,eta,phi,time,detid,front_1_x,front_1_y,front_1_z,front_2_x,front_2_y,front_2_z,front_3_x,front_3_y,front_3_z,front_4_x,front_4_y,front_4_z,back_1_x,back_1_y,back_1_z,back_2_x,back_2_y,back_2_z,back_3_x,back_3_y,back_3_z,back_4_x,back_4_y,back_4_z
0.155059,-0.0117404,1.26661,10.2608,838861395,0.376456,1.23551,-0.0269319,0.376456,1.23551,-0.00338403,0.396936,1.22807,-0.00338406,0.396926,1.22808,-0.026932,0.454978,1.45169,-0.028832,0.454978,1.45169,-0.00338402,0.47923,1.44288,-0.00338406,0.47922,1.44289,-0.0288321
0.127992,-0.0487893,1.00373,2.5083,838862404,0.685364,1.09644,-0.0748583,0.685583,1.09676,-0.0513136,0.703219,1.08397,-0.0513136,0.702992,1.08366,-0.0748583,0.817136,1.28492,-0.080542,0.817373,1.28527,-0.0550975,0.838259,1.27012,-0.0550975,0.838013,1.26978,-0.0805421
0.2517,-0.121082,0.689158,43.1935,838864434,0.990975,0.830607,-0.168009,0.992001,0.831402,-0.145871,1.00484,0.813761,-0.145871,1.00379,0.812998,-0.168009,1.1741,0.968787,-0.185468,1.17531,0.969726,-0.159326,1.19049,0.948858,-0.159326,1.18925,0.947956,-0.185468
0.369753,-0.138546,0.0428758,-50.2365,838864909,1.28998,0.0662777,-0.190634,1.29167,0.0662791,-0.168522,1.29168,0.0444615,-0.168522,1.29,0.0444999,-0.190634,1.51902,0.0664594,-0.212083,1.521,0.066461,-0.185971,1.52102,0.0406519,-0.185971,1.51904,0.0406973,-0.212083
0.171369,-0.138545,1.02105,-16.6243,838864965,0.665539,1.10705,-0.190634,0.666478,1.10845,-0.168522,0.684575,1.09626,-0.168522,0.683602,1.09489,-0.190634,0.793471,1.29702,-0.212083,0.794581,1.29867,-0.185971,0.815989,1.28425,-0.185971,0.81484,1.28263,-0.212083
0.120836,-0.173054,1.00368,45.6183,838865988,0.685364,1.09644,-0.235992,0.686771,1.09845,-0.213952,0.704431,1.08564,-0.213952,0.702992,1.08366,-0.235992,0.816109,1.28346,-0.265397,0.81777,1.28583,-0.239371,0.838661,1.27067,-0.239371,0.836962,1.26833,-0.265397
0.161291,-0.242638,0.706451,-10.5385,838868019,0.975397,0.846819,-0.327834,0.978533,0.849273,-0.305894,0.991999,0.832064,-0.305894,0.988818,0.829668,-0.327834,1.15306,0.985847,-0.372792,1.15676,0.988735,-0.346967,1.17265,0.968425,-0.346968,1.1689,0.965604,-0.372793
0.128568,-0.242638,1.05552,6.19691,838868039,0.626945,1.12935,-0.327834,0.629052,1.13273,-0.305894,0.647592,1.12117,-0.305894,0.645422,1.11783,-0.327834,0.746346,1.32076,-0.372792,0.748827,1.32474,-0.346967,0.770709,1.31109,-0.346968,0.768155,1.30716,-0.372793
0.146848,-0.242647,1.12454,18.5156,838868043,0.547537,1.16985,-0.327834,0.549404,1.17337,-0.305894,0.568705,1.16313,-0.305894,0.566774,1.15965,-0.327834,0.653286,1.36913,-0.372793,0.655483,1.37327,-0.346968,0.678264,1.36118,-0.346968,0.67599,1.35708,-0.372793
0.129915,-0.259963,0.671933,21.4351,838868529,1.00404,0.812659,-0.350962,1.00756,0.815222,-0.329094,1.02042,0.797554,-0.329094,1.01685,0.795049,-0.350962,1.1858,0.944924,-0.399779,1.18995,0.947942,-0.374038,1.20512,0.927089,-0.374038,1.20092,0.924141,-0.399779
0.326918,-0.2771,-2.69803,51.8043,838869208,-1.16307,-0.564785,-0.374308,-1.16744,-0.566669,-0.352398,-1.17566,-0.546386,-0.352398,-1.17125,-0.5446,-0.374308,-1.3692,-0.652407,-0.42688,-1.37432,-0.654614,-0.4012,-1.38398,-0.630754,-0.4012,-1.37882,-0.628661,-0.42688
0.102162,-0.294705,0.706426,-0.710794,838869555,0.975398,0.846818,-0.397732,0.979432,0.849975,-0.375905,0.992918,0.832741,-0.375905,0.988819,0.829667,-0.397732,1.15104,0.984266,-0.454045,1.15577,0.987966,-0.428462,1.17164,0.967693,-0.428462,1.16683,0.96409,-0.454045
0.205724,-0.294742,0.844481,43.8034,838869563,0.84946,0.97285,-0.397732,0.853015,0.976538,-0.375905,0.86877,0.961351,-0.375905,0.865139,0.957736,-0.397732,1.00425,1.13342,-0.454045,1.00842,1.13774,-0.428462,1.02695,1.11988,-0.428462,1.0227,1.11564,-0.454045
0.121789,-0.294715,1.12452,36.7145,838869579,0.547538,1.16985,-0.397732,0.549939,1.17438,-0.375905,0.569269,1.16412,-0.375905,0.566775,1.15965,-0.397732,0.652084,1.36687,-0.454045,0.654898,1.37217,-0.428462,0.677638,1.3601,-0.428462,0.674714,1.35486,-0.454045
0.250242,-0.311833,0.827129,-2.85759,838870074,0.867142,0.958967,-0.421251,0.871013,0.962858,-0.399514,0.886228,0.94713,-0.399514,0.882284,0.943314,-0.421251,1.02408,1.11612,-0.48129,1.02861,1.12068,-0.455811,1.04651,1.10218,-0.455811,1.04189,1.0977,-0.48129
0.111526,-0.329138,0.654553,-2.30199,838870576,1.01904,0.795913,-0.444874,1.02383,0.799276,-0.423231,1.03608,0.781143,-0.423231,1.03123,0.777867,-0.444874,1.20003,0.922821,-0.508621,1.20565,0.926763,-0.483254,1.22006,0.905432,-0.483254,1.21438,0.901593,-0.508621
0.11602,-0.346768,0.460882,-2.30984,838871077,1.15188,0.584282,-0.468606,1.15755,0.586814,-0.447065,1.16647,0.56683,-0.447065,1.16075,0.564395,-0.468606,1.35272,0.673904,-0.536045,1.35936,0.676871,-0.510795,1.36985,0.653363,-0.510795,1.36316,0.650509,-0.536045
0.107303,-0.346503,0.861629,35.6602,838871100,0.833478,0.988257,-0.468607,0.837713,0.992802,-0.447065,0.853468,0.977615,-0.447065,0.849157,0.973142,-0.468606,0.983347,1.14926,-0.536045,0.988312,1.15458,-0.510795,1.00685,1.13672,-0.510795,1.00179,1.13148,-0.536045
0.132188,-0.363865,0.163495,-5.14041,838871572,1.27372,0.2213,-0.492617,1.28028,0.222133,-0.471046,1.28259,0.20034,-0.471046,1.27602,0.199643,-0.492617,1.49091,0.248072,-0.563617,1.49856,0.249044,-0.538467,1.50126,0.223516,-0.538467,1.4936,0.222704,-0.563617
0.130522,-0.364173,0.184758,-3.68971,838871573,1.26746,0.248126,-0.492617,1.27401,0.24905,-0.471046,1.27707,0.227351,-0.471046,1.2705,0.226562,-0.492617,1.48411,0.278715,-0.563617,1.49174,0.279793,-0.538467,1.49533,0.254375,-0.538468,1.48767,0.253455,-0.563617
0.18069,-0.363822,0.270963,6.29188,838871578,1.24282,0.356703,-0.492617,1.24926,0.358216,-0.471046,1.25383,0.336783,-0.471046,1.24736,0.335404,-0.492617,1.45603,0.405992,-0.563617,1.46354,0.407756,-0.538468,1.46889,0.382651,-0.538468,1.46135,0.381042,-0.563617
0.111164,-0.364117,1.02095,-3.40008,838871621,0.66554,1.10705,-0.492617,0.669234,1.11253,-0.471046,0.687412,1.10029,-0.471046,0.683604,1.09488,-0.492617,0.787757,1.28853,-0.563617,0.792064,1.29493,-0.538467,0.813356,1.28059,-0.538468,0.808916,1.27428,-0.563617
0.111072,-0.363816,1.10715,-1.80029,838871626,0.568361,1.16138,-0.492617,0.571545,1.16718,-0.471046,0.590532,1.15624,-0.471046,0.58723,1.15051,-0.492617,0.674376,1.35282,-0.563617,0.678088,1.35958,-0.538467,0.700329,1.34676,-0.538468,0.696479,1.34008,-0.563617
-0.00163198,-0.381201,0.654534,-2.82246,838872112,1.01904,0.795914,-0.51674,1.02473,0.799925,-0.49528,1.037,0.781766,-0.49528,1.03123,0.777868,-0.51674,1.19727,0.920826,-0.591284,1.20391,0.925503,-0.566263,1.21828,0.904231,-0.566263,1.21155,0.899687,-0.591284
0.00649766,-0.381519,0.671877,-2.49951,838872113,1.00404,0.812658,-0.51674,1.00967,0.816754,-0.49528,1.02256,0.799035,-0.49528,1.01685,0.795048,-0.51674,1.18,0.9407,-0.591284,1.18656,0.945477,-0.566263,1.20167,0.92472,-0.566263,1.19501,0.920073,-0.591284
-0.00275772,-0.381197,0.689047,-2.92138,838872114,0.990974,0.830608,-0.51674,0.996524,0.834816,-0.49528,1.00942,0.817096,-0.49528,1.00379,0.812999,-0.51674,1.16474,0.961669,-0.591284,1.17121,0.966574,-0.566263,1.18631,0.945818,-0.566263,1.17975,0.941041,-0.591284
0.0780031,-0.381517,0.706389,-1.73072,838872115,0.975398,0.846818,-0.51674,0.980882,0.851109,-0.49528,0.994387,0.83385,-0.49528,0.988819,0.829667,-0.51674,1.14678,0.980928,-0.591284,1.15317,0.985931,-0.566263,1.16899,0.965714,-0.566263,1.1625,0.960837,-0.591284
0.116272,-0.381198,0.72356,-21.1519,838872116,0.961717,0.864301,-0.51674,0.967116,0.8687,-0.49528,0.980621,0.851441,-0.49528,0.975138,0.84715,-0.51674,1.1308,1.00135,-0.591284,1.13709,1.00648,-0.566263,1.15291,0.986263,-0.566263,1.14652,0.98126,-0.591284
0.0696875,-0.381521,0.740902,-2.94506,838872117,0.945584,0.879957,-0.51674,0.950915,0.884437,-0.49528,0.965014,0.86766,-0.49528,0.959596,0.863285,-0.51674,1.11218,1.01997,-0.591284,1.11839,1.02519,-0.566263,1.13491,1.00554,-0.566263,1.12859,1.00044,-0.591284
0.0239862,-0.381205,0.758073,-3.77665,838872118,0.931301,0.896952,-0.51674,0.936543,0.901536,-0.49528,0.950643,0.88476,-0.49528,0.945313,0.88028,-0.51674,1.09549,1.03982,-0.591284,1.1016,1.04517,-0.566263,1.11812,1.02552,-0.566263,1.11191,1.02029,-0.591284
-0.0833434,-0.38153,0.775415,-3.30086,838872119,0.914631,0.912034,-0.51674,0.919802,0.916697,-0.49528,0.934479,0.900424,-0.49528,0.929217,0.895862,-0.51674,1.07623,1.05778,-0.591284,1.08226,1.06322,-0.566263,1.09945,1.04416,-0.566263,1.09332,1.03884,-0.591284
-0.0368521,-0.381217,0.792587,-2.50893,838872120,0.899763,0.92852,-0.51674,0.904842,0.933285,-0.49528,0.919519,0.917011,-0.49528,0.914349,0.912348,-0.51674,1.05886,1.07704,-0.591284,1.06479,1.08259,-0.566263,1.08198,1.06353,-0.566263,1.07595,1.05809,-0.591284
0.0116578,-0.381565,0.844445,-2.89631,838872123,0.84946,0.97285,-0.51674,0.854293,0.977863,-0.49528,0.87007,0.962653,-0.49528,0.865139,0.957735,-0.51674,1.00049,1.12952,-0.591284,1.00613,1.13537,-0.566263,1.02461,1.11755,-0.566263,1.01886,1.11182,-0.591284
-0.0416948,-0.381554,0.917401,-2.56748,838872127,0.776325,1.03224,-0.51674,0.780797,1.03758,-0.49528,0.797594,1.02351,-0.49528,0.793017,1.01826,-0.51674,0.916096,1.19904,-0.591284,0.92131,1.20526,-0.566263,0.940985,1.18878,-0.566263,0.935649,1.18266,-0.591284
0.000206617,-0.381225,0.934572,-2.30977,838872128,0.759309,1.0465,-0.51674,0.763676,1.05193,-0.49528,0.780473,1.03785,-0.49528,0.776001,1.03252,-0.51674,0.896219,1.2157,-0.591284,0.901311,1.22202,-0.566263,0.920986,1.20554,-0.566263,0.915772,1.19931,-0.591284
-0.012094,-0.381537,0.951916,-2.97396,838872129,0.740275,1.05846,-0.51674,0.744558,1.06395,-0.49528,0.761837,1.05047,-0.49528,0.757446,1.04507,-0.51674,0.874136,1.23004,-0.591284,0.879129,1.23644,-0.566263,0.899369,1.22065,-0.566263,0.894249,1.21435,-0.591284
-0.0100814,-0.381211,0.969086,-1.9983,838872130,0.722772,1.07212,-0.51674,0.726947,1.07769,-0.49528,0.744225,1.06421,-0.49528,0.739942,1.05872,-0.51674,0.853689,1.24599,-0.591284,0.858557,1.25249,-0.566263,0.878796,1.2367,-0.566263,0.873803,1.2303,-0.591284
0.0595782,-0.398571,0.654526,-3.12624,838872624,1.01904,0.795914,-0.540994,1.02502,0.80012,-0.51965,1.03729,0.78196,-0.51965,1.03123,0.777868,-0.540994,1.19625,0.920132,-0.619063,1.20322,0.925036,-0.594177,1.21759,0.903764,-0.594177,1.21053,0.898993,-0.619063
0.0476337,-0.398902,0.671871,-27.3104,838872625,1.00404,0.812657,-0.540994,1.00995,0.816959,-0.51965,1.02284,0.799239,-0.51965,1.01685,0.795048,-0.540994,1.179,0.939971,-0.619063,1.18589,0.944986,-0.594177,1.20099,0.92423,-0.594177,1.19401,0.919343,-0.619063
0.151965,-0.398567,0.689039,-1.50983,838872626,0.990974,0.830608,-0.540994,0.996805,0.83502,-0.51965,1.0097,0.8173,-0.51965,1.00379,0.812999,-0.540994,1.16374,0.96094,-0.619063,1.17053,0.966084,-0.594177,1.18564,0.945327,-0.594177,1.17875,0.940312,-0.619063
-0.051178,-0.3989,0.706383,-3.04087,838872627,0.975398,0.846818,-0.540994,0.981155,0.851323,-0.51965,0.994661,0.834064,-0.51965,0.988819,0.829667,-0.540994,1.1458,0.980164,-0.619063,1.15252,0.985417,-0.594177,1.16834,0.9652,-0.594177,1.16153,0.960073,-0.619063
0.116633,-0.398568,0.723552,29.4353,838872628,0.961717,0.864301,-0.540994,0.96739,0.868914,-0.51965,0.980895,0.851656,-0.51965,0.975138,0.84715,-0.540994,1.12982,1.00059,-0.619063,1.13644,1.00597,-0.594177,1.15226,0.985749,-0.594177,1.14554,0.980496,-0.619063
0.11466,-0.398904,0.740896,9.81928,838872629,0.945584,0.879957,-0.540994,0.951181,0.88466,-0.51965,0.96528,0.867884,-0.51965,0.959596,0.863285,-0.540994,1.11123,1.01917,-0.619063,1.11775,1.02466,-0.594177,1.13427,1.00501,-0.594177,1.12764,0.999644,-0.619063
0.297645,-0.398575,0.758065,-3.88343,838872630,0.931301,0.896952,-0.540994,0.936809,0.90176,-0.51965,0.950909,0.884984,-0.51965,0.945313,0.88028,-0.540994,1.09454,1.03903,-0.619063,1.10097,1.04463,-0.594177,1.11748,1.02498,-0.594177,1.11096,1.0195,-0.619063
0.326773,-0.398914,0.775409,0.584668,838872631,0.914631,0.912034,-0.540994,0.92006,0.91693,-0.51965,0.934737,0.900656,-0.51965,0.929217,0.895862,-0.540994,1.07531,1.05695,-0.619063,1.08164,1.06266,-0.594177,1.09883,1.0436,-0.594177,1.0924,1.03801,-0.619063
0.0296244,-0.398588,0.792579,-3.83531,838872632,0.899763,0.92852,-0.540994,0.9051,0.933518,-0.51965,0.919777,0.917244,-0.51965,0.914349,0.912348,-0.540994,1.05794,1.07621,-0.619063,1.06417,1.08204,-0.594177,1.08136,1.06297,-0.594177,1.07503,1.05726,-0.619063
0.0198531,-0.398929,0.809924,-2.64593,838872633,0.882577,0.943011,-0.540994,0.887831,0.948094,-0.51965,0.903068,0.932343,-0.51965,0.897718,0.927358,-0.540994,1.0381,1.09345,-0.619063,1.04423,1.09938,-0.594177,1.06207,1.08093,-0.594177,1.05584,1.07512,-0.619063
-0.0134844,-0.398605,0.827094,-2.98795,838872634,0.867142,0.958967,-0.540994,0.872301,0.964148,-0.51965,0.887538,0.948397,-0.51965,0.882283,0.943315,-0.540994,1.02007,1.11209,-0.619063,1.02608,1.11813,-0.594177,1.04393,1.09968,-0.594177,1.03781,1.09375,-0.619063
0.0558094,-0.39895,0.84444,-20.9321,838872635,0.84946,0.97285,-0.540994,0.854534,0.978113,-0.51965,0.870311,0.962903,-0.51965,0.865139,0.957735,-0.540994,0.999633,1.12863,-0.619063,1.00555,1.13477,-0.594177,1.02403,1.11695,-0.594177,1.018,1.11092,-0.619063
-0.034207,-0.398629,0.861612,-1.88784,838872636,0.833477,0.988257,-0.540994,0.838453,0.993615,-0.51965,0.85423,0.978406,-0.51965,0.849156,0.973143,-0.540994,0.980963,1.14663,-0.619063,0.986764,1.15288,-0.594177,1.00524,1.13506,-0.594177,0.999329,1.12892,-0.619063
0.0138203,-0.398962,0.882878,-3.08797,838872637,0.811436,1.00478,-0.540994,0.816325,1.01022,-0.51965,0.83262,0.995564,-0.51965,0.82763,0.990219,-0.540994,0.956119,1.16567,-0.619063,0.961818,1.17201,-0.594177,0.980906,1.15485,-0.594177,0.975088,1.14862,-0.619063
0.0324941,-0.398617,0.900047,-3.14113,838872638,0.794929,1.01963,-0.540994,0.799716,1.02515,-0.51965,0.816011,1.0105,-0.51965,0.811123,1.00506,-0.540994,0.936836,1.18301,-0.619063,0.942417,1.18946,-0.594177,0.961505,1.17229,-0.594177,0.955805,1.16596,-0.619063
-0.0935376,-0.398939,0.917395,-2.6984,838872639,0.776325,1.03224,-0.540994,0.78102,1.03785,-0.51965,0.797817,1.02377,-0.51965,0.793017,1.01826,-0.540994,0.9153,1.19809,-0.619063,0.920775,1.20462,-0.594177,0.94045,1.18814,-0.594177,0.934853,1.18171,-0.619063
0.0329076,-0.398596,0.934563,-2.42416,838872640,0.759309,1.0465,-0.540994,0.7639,1.05219,-0.51965,0.780697,1.03812,-0.51965,0.776001,1.03252,-0.540994,0.895423,1.21475,-0.619063,0.900775,1.22138,-0.594177,0.920451,1.2049,-0.594177,0.914976,1.19836,-0.619063
0.0377509,-0.398921,0.95191,-2.78246,838872641,0.740275,1.05846,-0.540994,0.744772,1.06423,-0.51965,0.76205,1.05075,-0.51965,0.757446,1.04507,-0.540994,0.873373,1.22906,-0.619063,0.878616,1.23578,-0.594177,0.898856,1.21999,-0.594177,0.893487,1.21337,-0.619063
0.0898156,-0.398581,0.969078,-66.8054,838872642,0.722772,1.07212,-0.540994,0.727161,1.07797,-0.51965,0.744439,1.06449,-0.51965,0.739942,1.05872,-0.540994,0.852927,1.24502,-0.619063,0.858044,1.25183,-0.594177,0.878283,1.23604,-0.594177,0.87304,1.22932,-0.619063
0.13781,-0.398921,1.30098,21.1357,838872661,0.333615,1.24782,-0.540994,0.335869,1.25477,-0.51965,0.356716,1.24802,-0.51965,0.354332,1.2411,-0.540994,0.400338,1.45365,-0.619063,0.402966,1.46176,-0.594177,0.427385,1.45385,-0.594177,0.424605,1.44579,-0.619063
-0.00917129,-0.415924,0.654518,-2.06133,838873136,1.01904,0.795914,-0.565387,1.0253,0.800313,-0.544164,1.03757,0.782154,-0.544164,1.03123,0.777868,-0.565387,1.19517,0.919406,-0.646959,1.20248,0.924536,-0.622215,1.21685,0.903264,-0.622215,1.20945,0.898267,-0.646959
-0.0226968,-0.416267,0.671865,-2.66344,838873137,1.00404,0.812658,-0.565387,1.01023,0.817162,-0.544164,1.02312,0.799442,-0.544164,1.01685,0.795048,-0.565387,1.17795,0.939208,-0.646959,1.18516,0.94446,-0.622215,1.20027,0.923704,-0.622215,1.19296,0.918581,-0.646959
0.336132,-0.41592,0.689031,5.90307,838873138,0.990974,0.830608,-0.565387,0.997084,0.835224,-0.544164,1.00998,0.817504,-0.544164,1.00379,0.812999,-0.565387,1.16269,0.960177,-0.646959,1.16981,0.965558,-0.622215,1.18492,0.944802,-0.622215,1.1777,0.93955,-0.646959
-0.00237908,-0.416266,0.706378,-2.04382,838873139,0.975398,0.846818,-0.565387,0.981427,0.851536,-0.544164,0.994933,0.834277,-0.544164,0.988819,0.829667,-0.565387,1.14478,0.979365,-0.646959,1.15181,0.984866,-0.622215,1.16763,0.96465,-0.622215,1.1605,0.959274,-0.646959
-0.0173766,-0.415921,0.723544,-1.82714,838873140,0.961717,0.864301,-0.565387,0.967662,0.869127,-0.544164,0.981167,0.851869,-0.544164,0.975138,0.84715,-0.565387,1.1288,0.999788,-0.646959,1.13573,1.00541,-0.622215,1.15155,0.985199,-0.622215,1.14452,0.979697,-0.646959
0.397033,-0.41627,0.740891,0.225246,838873141,0.945584,0.879957,-0.565387,0.951445,0.884883,-0.544164,0.965545,0.868106,-0.544164,0.959596,0.863285,-0.565387,1.11024,1.01834,-0.646959,1.11707,1.02408,-0.622215,1.13359,1.00443,-0.622215,1.12665,0.99881,-0.646959
2.18613,-0.415928,0.758057,0.498641,838873142,0.931301,0.896952,-0.565387,0.937074,0.901982,-0.544164,0.951174,0.885206,-0.544164,0.945313,0.88028,-0.565387,1.09355,1.03819,-0.646959,1.10028,1.04406,-0.622215,1.1168,1.02441,-0.622215,1.10996,1.01866,-0.646959
0.177887,-0.41628,0.775404,-0.691528,838873143,0.914631,0.912034,-0.565387,0.920317,0.917162,-0.544164,0.934994,0.900888,-0.544164,0.929217,0.895862,-0.565387,1.07435,1.05608,-0.646959,1.08098,1.06206,-0.622215,1.09817,1.043,-0.622215,1.09144,1.03714,-0.646959
-0.00177903,-0.415941,0.792571,-3.3808,838873144,0.899763,0.92852,-0.565387,0.905357,0.933749,-0.544164,0.920034,0.917475,-0.544164,0.914349,0.912348,-0.565387,1.05698,1.07534,-0.646959,1.0635,1.08144,-0.622215,1.0807,1.06237,-0.622215,1.07407,1.0564,-0.646959
-1.45038e-05,-0.416295,0.809918,-2.3311,838873145,0.882577,0.943011,-0.565387,0.88808,0.948334,-0.544164,0.903316,0.932583,-0.544164,0.897718,0.927358,-0.565387,1.03717,1.09255,-0.646959,1.04358,1.09876,-0.622215,1.06143,1.08031,-0.622215,1.0549,1.07421,-0.646959
-0.0235097,-0.415959,0.827086,-2.60874,838873146,0.867142,0.958967,-0.565387,0.87255,0.964389,-0.544164,0.887786,0.948638,-0.544164,0.882283,0.943315,-0.565387,1.01914,1.11119,-0.646959,1.02544,1.11751,-0.622215,1.04329,1.09906,-0.622215,1.03687,1.09285,-0.646959
0.0243731,-0.416317,0.844434,-3.52887,838873147,0.84946,0.97285,-0.565387,0.854774,0.978362,-0.544164,0.870551,0.963152,-0.544164,0.865139,0.957735,-0.565387,0.998733,1.1277,-0.646959,1.00493,1.13412,-0.622215,1.02341,1.11631,-0.622215,1.0171,1.10999,-0.646959
-0.0213954,-0.415983,0.861604,-2.71331,838873148,0.833477,0.988257,-0.565387,0.838692,0.993864,-0.544164,0.85447,0.978655,-0.544164,0.849156,0.973143,-0.565387,0.980063,1.14569,-0.646959,0.986144,1.15223,-0.622215,1.00462,1.13442,-0.622215,0.998429,1.12799,-0.646959
-0.0170717,-0.41633,0.882872,-1.71302,838873149,0.811436,1.00478,-0.565387,0.816556,1.01047,-0.544164,0.832851,0.995821,-0.544164,0.82763,0.990219,-0.565387,0.955252,1.16471,-0.646959,0.961221,1.17135,-0.622215,0.980309,1.15418,-0.622215,0.974221,1.14765,-0.646959
0.0109944,-0.415971,0.900039,-1.43871,838873150,0.794929,1.01963,-0.565387,0.799947,1.02541,-0.544164,0.816242,1.01076,-0.544164,0.811123,1.00506,-0.565387,0.93597,1.18205,-0.646959,0.94182,1.18879,-0.622215,0.960907,1.17163,-0.622215,0.954938,1.16499,-0.646959
-0.00247897,-0.416306,0.917389,-2.06554,838873151,0.776325,1.03224,-0.565387,0.781242,1.03811,-0.544164,0.798039,1.02404,-0.544164,0.793017,1.01826,-0.565387,0.914467,1.1971,-0.646959,0.920201,1.20394,-0.622215,0.939876,1.18745,-0.622215,0.93402,1.18071,-0.646959
0.160469,-0.41595,0.934555,3.48461,838873152,0.759309,1.0465,-0.565387,0.764122,1.05246,-0.544164,0.780919,1.03838,-0.544164,0.776001,1.03252,-0.565387,0.894591,1.21375,-0.646959,0.900202,1.2207,-0.622215,0.919877,1.20421,-0.622215,0.914144,1.19737,-0.646959
0.025669,-0.416287,0.951904,-2.79785,838873153,0.740275,1.05846,-0.565387,0.744985,1.0645,-0.544164,0.762263,1.05102,-0.544164,0.757446,1.04507,-0.565387,0.872576,1.22804,-0.646959,0.878067,1.23508,-0.622215,0.898306,1.21929,-0.622215,0.892689,1.21235,-0.646959
0.00618861,-0.415934,0.96907,-1.2674,838873154,0.722772,1.07212,-0.565387,0.727374,1.07824,-0.544164,0.744652,1.06476,-0.544164,0.739942,1.05872,-0.565387,0.85213,1.24399,-0.646959,0.857495,1.25113,-0.622215,0.877734,1.23534,-0.622215,0.872243,1.2283,-0.646959
-0.0562312,-0.415928,1.10712,104.548,838873162,0.568361,1.16138,-0.565387,0.572065,1.16808,-0.544164,0.591053,1.15714,-0.544164,0.58723,1.15051,-0.565387,0.67252,1.3496,-0.646959,0.676839,1.35741,-0.622215,0.69908,1.34459,-0.622215,0.694623,1.33686,-0.646959
0.369635,-0.416306,-0.478874,45.3651,838873431,1.15137,-0.585283,-0.565387,1.158,-0.589107,-0.544164,1.14706,-0.608093,-0.544164,1.14049,-0.604151,-0.565387,1.33771,-0.692701,-0.646959,1.34544,-0.697159,-0.622215,1.33262,-0.719398,-0.622215,1.32497,-0.714802,-0.646959
-0.058385,-0.43327,0.619996,-2.2847,838873646,1.04587,0.760261,-0.589926,1.05258,0.764621,-0.56883,1.0642,0.746044,-0.56883,1.05742,0.7418,-0.589926,1.22506,0.876808,-0.67498,1.23289,0.881892,-0.650384,1.2465,0.860132,-0.650384,1.2386,0.855184,-0.67498
0.0154353,-0.433623,0.637347,-2.47119,838873647,1.03146,0.777518,-0.589926,1.03809,0.781996,-0.56883,1.05036,0.763837,-0.56883,1.04365,0.759472,-0.589926,1.20857,0.89716,-0.67498,1.2163,0.902381,-0.650384,1.23067,0.88111,-0.650384,1.22285,0.876021,-0.67498
0.145231,-0.43326,0.65451,-4.6199,838873648,1.01904,0.795914,-0.589926,1.02559,0.800506,-0.56883,1.03786,0.782346,-0.56883,1.03123,0.777868,-0.589926,1.19405,0.918649,-0.67498,1.20169,0.924003,-0.650384,1.21606,0.902731,-0.650384,1.20833,0.89751,-0.67498
0.0248328,-0.433616,0.67186,-2.32188,838873649,1.00404,0.812657,-0.589926,1.0105,0.817365,-0.568831,1.0234,0.799645,-0.56883,1.01685,0.795048,-0.589926,1.17685,0.938412,-0.67498,1.18439,0.9439,-0.650384,1.1995,0.923144,-0.650384,1.19186,0.917785,-0.67498
0.193062,-0.433255,0.689023,0.381637,838873650,0.990974,0.830608,-0.589926,0.997362,0.835426,-0.568831,1.01026,0.817706,-0.56883,1.00379,0.812999,-0.589926,1.16159,0.959381,-0.67498,1.16904,0.964998,-0.650384,1.18415,0.944241,-0.650384,1.1766,0.938753,-0.67498
-0.0271064,-0.433614,0.706372,-1.81224,838873651,0.975398,0.846818,-0.589926,0.981698,0.851748,-0.56883,0.995203,0.834489,-0.568831,0.988819,0.829667,-0.589926,1.14372,0.978531,-0.67498,1.15106,0.984279,-0.650384,1.16688,0.964063,-0.650384,1.15944,0.958441,-0.67498
0.0998475,-0.433257,0.723536,39.934,838873652,0.961717,0.864301,-0.589926,0.967933,0.869339,-0.568831,0.981438,0.85208,-0.56883,0.975138,0.84715,-0.589926,1.12774,0.998954,-0.67498,1.13498,1.00483,-0.650384,1.1508,0.984612,-0.650384,1.14346,0.978864,-0.67498
-0.0474735,-0.433618,0.740885,-1.30886,838873653,0.945584,0.879957,-0.589926,0.951708,0.885104,-0.568831,0.965808,0.868327,-0.56883,0.959596,0.863285,-0.589926,1.1092,1.01747,-0.67498,1.11634,1.02347,-0.650384,1.13286,1.00382,-0.650384,1.12561,0.997939,-0.67498
0.136694,-0.433264,0.758049,11.2239,838873654,0.931301,0.896952,-0.589926,0.937337,0.902203,-0.568831,0.951437,0.885427,-0.56883,0.945313,0.88028,-0.589926,1.09252,1.03732,-0.67498,1.09955,1.04344,-0.650384,1.11607,1.02379,-0.650384,1.10893,1.01779,-0.67498
0.0800614,-0.433629,0.775398,-1.72741,838873655,0.914631,0.912034,-0.589926,0.920572,0.917392,-0.56883,0.935249,0.901118,-0.56883,0.929217,0.895862,-0.589926,1.07335,1.05518,-0.67498,1.08027,1.06142,-0.650384,1.09746,1.04236,-0.650384,1.09043,1.03623,-0.67498
0.0331897,-0.433277,0.792563,-1.63314,838873656,0.899763,0.92852,-0.589926,0.905612,0.933979,-0.568831,0.920289,0.917706,-0.56883,0.914349,0.912348,-0.589926,1.05598,1.07443,-0.67498,1.0628,1.0808,-0.650384,1.07999,1.06174,-0.650384,1.07306,1.05549,-0.67498
0.0936213,-0.433645,0.809913,5.9174,838873657,0.882577,0.943011,-0.589926,0.888327,0.948573,-0.56883,0.903563,0.932822,-0.56883,0.897718,0.927358,-0.589926,1.03619,1.09161,-0.67498,1.0429,1.09809,-0.650384,1.06075,1.07964,-0.650384,1.05393,1.07327,-0.67498
0.19746,-0.433296,0.827079,27.7838,838873658,0.867142,0.958967,-0.589926,0.872797,0.964628,-0.568831,0.888033,0.948877,-0.56883,0.882283,0.943315,-0.589926,1.01816,1.11025,-0.67498,1.02476,1.11685,-0.650384,1.04261,1.0984,-0.650384,1.0359,1.09191,-0.67498
0.31827,-0.433667,0.844429,-1.25466,838873659,0.84946,0.97285,-0.589926,0.855012,0.978609,-0.568831,0.87079,0.9634,-0.56883,0.865139,0.957735,-0.589926,0.997794,1.12672,-0.67498,1.00427,1.13344,-0.650384,1.02275,1.11562,-0.650384,1.01616,1.10902,-0.67498
0.0508946,-0.433321,0.861596,-1.94796,838873660,0.833477,0.988257,-0.589926,0.838931,0.994112,-0.568831,0.854708,0.978902,-0.56883,0.849156,0.973143,-0.589926,0.979124,1.14472,-0.67498,0.985483,1.15155,-0.650384,1.00396,1.13373,-0.650384,0.99749,1.12702,-0.67498
0.0908292,-0.433681,0.882866,35.4616,838873661,0.811436,1.00478,-0.589926,0.816786,1.01073,-0.568831,0.833081,0.996077,-0.56883,0.82763,0.990219,-0.589926,0.954348,1.1637,-0.67498,0.960584,1.17064,-0.650384,0.979672,1.15347,-0.650384,0.973317,1.14665,-0.67498
0.13768,-0.433309,0.900031,-7.77336,838873662,0.794929,1.01963,-0.589926,0.800177,1.02567,-0.56883,0.816472,1.01101,-0.56883,0.811123,1.00506,-0.589926,0.935065,1.18104,-0.67498,0.941183,1.18809,-0.650384,0.96027,1.17092,-0.650384,0.954034,1.16399,-0.67498
0.312122,-0.433656,0.917383,1.5351,838873663,0.776325,1.03224,-0.589926,0.781463,1.03838,-0.568831,0.79826,1.0243,-0.56883,0.793017,1.01826,-0.589926,0.913598,1.19606,-0.67498,0.919589,1.20321,-0.650384,0.939264,1.18672,-0.650384,0.933151,1.17968,-0.67498
0.327751,-0.433286,0.934547,-1.6693,838873664,0.759309,1.0465,-0.589926,0.764342,1.05272,-0.568831,0.781139,1.03865,-0.56883,0.776001,1.03252,-0.589926,0.893722,1.21272,-0.67498,0.89959,1.21997,-0.650384,0.919265,1.20348,-0.650384,0.913275,1.19633,-0.67498
0.112104,-0.433636,0.951899,-1.46066,838873665,0.740275,1.05846,-0.589926,0.745196,1.06477,-0.56883,0.762474,1.05129,-0.568831,0.757446,1.04507,-0.589926,0.871744,1.22698,-0.67498,0.877481,1.23433,-0.650384,0.89772,1.21854,-0.650384,0.891857,1.21128,-0.67498
0.0446944,-0.43327,0.969062,-2.39981,838873666,0.722772,1.07212,-0.589926,0.727585,1.07851,-0.568831,0.744863,1.06503,-0.56883,0.739942,1.05872,-0.589926,0.851297,1.24293,-0.67498,0.856909,1.25038,-0.650384,0.877148,1.23459,-0.650384,0.871411,1.22724,-0.67498
0.121869,-0.433623,0.986412,-21.871,838873667,0.703332,1.08341,-0.589926,0.70803,1.08988,-0.568831,0.725768,1.07702,-0.56883,0.72096,1.07062,-0.589926,0.828835,1.25641,-0.67498,0.834312,1.26396,-0.650384,0.85509,1.24889,-0.650384,0.849484,1.24143,-0.67498
-1.44679,-0.433656,1.26645,-2.81004,838873683,0.376458,1.23551,-0.589926,0.379189,1.24303,-0.56883,0.399787,1.23555,-0.56883,0.396928,1.22808,-0.589926,0.449425,1.4364,-0.67498,0.452609,1.44517,-0.650384,0.476737,1.4364,-0.650384,0.473402,1.42769,-0.67498
0.217576,-0.433636,2.34816,39.7233,838873745,-0.913837,0.912829,-0.589926,-0.919194,0.918771,-0.568831,-0.902918,0.933446,-0.56883,-0.897663,0.927413,-0.589926,-1.05696,1.07156,-0.67498,-1.0632,1.07849,-0.650384,-1.04414,1.09568,-0.650384,-1.03801,1.08864,-0.67498
0.0366521,-0.455292,0.619994,-1.12744,838874158,1.04587,0.760262,-0.621348,1.05285,0.764826,-0.60039,1.06449,0.746225,-0.60039,1.05742,0.741801,-0.621349,1.22398,0.875984,-0.709718,1.23208,0.881275,-0.685425,1.24564,0.859595,-0.685425,1.23745,0.854467,-0.709719
0.0152635,-0.45566,0.637335,-1.30054,838874159,1.03146,0.777517,-0.621348,1.03837,0.782186,-0.60039,1.05066,0.764003,-0.60039,1.04366,0.759471,-0.621349,1.20745,0.896402,-0.709718,1.21546,0.901814,-0.685425,1.22977,0.880621,-0.685425,1.22166,0.875368,-0.709719
0.156667,-0.455281,0.654508,-5.76647,838874160,1.01904,0.795915,-0.621349,1.02585,0.80072,-0.60039,1.03814,0.782537,-0.60039,1.03123,0.777869,-0.621349,1.193,0.917788,-0.709718,1.2009,0.923358,-0.685425,1.21522,0.902165,-0.685425,1.20721,0.896754,-0.709718
-0.0148695,-0.455653,0.671848,-1.62525,838874161,1.00404,0.812657,-0.621349,1.01078,0.817564,-0.60039,1.02369,0.799821,-0.60039,1.01685,0.795048,-0.621349,1.17576,0.937616,-0.709719,1.18358,0.943303,-0.685425,1.19862,0.922624,-0.685425,1.1907,0.917091,-0.709718
0.188252,-0.455276,0.689021,12.3992,838874162,0.990973,0.830609,-0.621348,0.99762,0.835649,-0.60039,1.01053,0.817907,-0.60039,1.00379,0.813,-0.621349,1.16058,0.958483,-0.709718,1.16828,0.964326,-0.685425,1.18333,0.943646,-0.685425,1.17551,0.937958,-0.709719
-0.120494,-0.455651,0.70636,-0.78581,838874163,0.975399,0.846817,-0.621348,0.981966,0.851956,-0.60039,0.995489,0.834675,-0.60039,0.988819,0.829666,-0.621349,1.14265,0.977697,-0.709718,1.15027,0.983654,-0.685425,1.16603,0.963513,-0.685425,1.1583,0.957706,-0.709719
0.129098,-0.455278,0.723534,16.8226,838874164,0.961716,0.864302,-0.621349,0.968182,0.869571,-0.60039,0.981705,0.85229,-0.60039,0.975137,0.847151,-0.621349,1.12675,0.998022,-0.709719,1.13424,1.00413,-0.685425,1.15,0.983988,-0.685425,1.14239,0.978031,-0.709719
0.111017,-0.455656,0.740873,-1.73794,838874165,0.945585,0.879956,-0.621349,0.951969,0.885322,-0.60039,0.966087,0.868524,-0.60039,0.959597,0.863284,-0.621349,1.10817,1.0166,-0.709718,1.11557,1.02282,-0.685425,1.13202,1.00324,-0.685425,1.1245,0.997166,-0.709718
-0.00767704,-0.455285,0.758047,-1.19273,838874166,0.9313,0.896952,-0.621349,0.937578,0.902444,-0.60039,0.951696,0.885646,-0.60039,0.945312,0.880281,-0.621349,1.09156,1.03635,-0.709718,1.09884,1.04272,-0.685425,1.11529,1.02314,-0.685425,1.10789,1.01692,-0.709719
0.0232892,-0.455666,0.775387,-1.61471,838874167,0.914632,0.912033,-0.621348,0.920825,0.917619,-0.60039,0.935521,0.901324,-0.60039,0.929217,0.895861,-0.621349,1.07234,1.05427,-0.709718,1.07952,1.06074,-0.685425,1.09665,1.04175,-0.685425,1.08934,1.03542,-0.709719
-0.0109748,-0.455299,0.792562,-0.0246401,838874168,0.899762,0.928521,-0.621349,0.905845,0.934229,-0.60039,0.920541,0.917934,-0.60039,0.914348,0.912348,-0.621349,1.05506,1.07343,-0.709719,1.06211,1.08005,-0.685425,1.07924,1.06106,-0.685425,1.07206,1.05458,-0.709719
0.0167918,-0.455683,0.809901,-2.01387,838874169,0.882578,0.94301,-0.621348,0.888572,0.948809,-0.60039,0.903828,0.933037,-0.60039,0.897719,0.927358,-0.621349,1.03522,1.09067,-0.709718,1.04217,1.09739,-0.685425,1.05995,1.07901,-0.685425,1.05287,1.07242,-0.709718
0.105924,-0.455319,0.827077,-19.175,838874170,0.867141,0.958968,-0.621348,0.873021,0.964885,-0.60039,0.888277,0.949113,-0.60039,0.882283,0.943315,-0.621349,1.01728,1.10922,-0.709718,1.02409,1.11608,-0.685425,1.04188,1.09769,-0.685425,1.03493,1.09097,-0.709719
0.773844,-0.455706,0.844417,0.308818,838874171,0.849461,0.972849,-0.621349,0.855249,0.978853,-0.60039,0.871047,0.963624,-0.60039,0.86514,0.957734,-0.621348,0.996856,1.12575,-0.709718,1.00357,1.13271,-0.685425,1.02198,1.11496,-0.685425,1.01513,1.10813,-0.709718
0.591265,-0.455345,0.861595,1.83498,838874172,0.833477,0.988258,-0.621349,0.839146,0.994377,-0.60039,0.854944,0.979147,-0.60039,0.849156,0.973143,-0.621349,0.978276,1.14366,-0.709718,0.984847,1.15075,-0.685425,1.00326,1.133,-0.685425,0.996551,1.12604,-0.709718
0.438956,-0.455721,0.882854,-3.9534,838874173,0.811437,1.00478,-0.621349,0.817014,1.01098,-0.60039,0.83333,0.99631,-0.60039,0.82763,0.990219,-0.621349,0.953444,1.1627,-0.709718,0.959908,1.16989,-0.685425,0.978925,1.15278,-0.685425,0.972319,1.14572,-0.709718
0.537089,-0.455332,0.900029,2.13767,838874174,0.794929,1.01963,-0.621348,0.800382,1.02594,-0.60039,0.816698,1.01127,-0.60039,0.811122,1.00506,-0.621349,0.934254,1.17995,-0.709718,0.940575,1.18727,-0.685425,0.959593,1.17017,-0.685425,0.953129,1.16298,-0.709719
1.45642,-0.455695,0.917372,0.487788,838874175,0.776325,1.03224,-0.621349,0.781682,1.03864,-0.60039,0.798501,1.02454,-0.60039,0.793017,1.01826,-0.621348,0.91273,1.19502,-0.709719,0.918939,1.20243,-0.685425,0.938542,1.18601,-0.685425,0.932186,1.17872,-0.709718
9.86506,-0.455309,0.934545,0.110993,838874176,0.759308,1.0465,-0.621349,0.764538,1.053,-0.60039,0.781357,1.03891,-0.60039,0.776,1.03252,-0.621349,0.89295,1.2116,-0.709718,0.899011,1.21913,-0.685425,0.918614,1.20271,-0.685425,0.912405,1.1953,-0.709718
5.02584,-0.455674,0.951887,-0.580334,838874177,0.740276,1.05846,-0.621348,0.745406,1.06504,-0.60039,0.762707,1.05154,-0.60039,0.757446,1.04507,-0.621349,0.870912,1.22591,-0.709718,0.876859,1.23353,-0.685425,0.897023,1.2178,-0.685425,0.890926,1.21029,-0.709718
0.188841,-0.455292,0.96906,-8.79192,838874178,0.722771,1.07212,-0.621349,0.727771,1.0788,-0.60039,0.745072,1.0653,-0.60039,0.739942,1.05872,-0.621349,0.850565,1.24178,-0.709718,0.85636,1.24952,-0.685425,0.876524,1.23379,-0.685425,0.870578,1.22617,-0.709718
0.123032,-0.45566,0.986401,-28.8116,838874179,0.703333,1.08341,-0.621348,0.70823,1.09016,-0.60039,0.725992,1.07727,-0.60039,0.72096,1.07062,-0.621349,0.828041,1.25531,-0.709718,0.833718,1.26314,-0.685425,0.854419,1.24812,-0.685425,0.848588,1.24041,-0.709719
0.016365,-0.455299,1.14163,-1.82397,838874188,0.527927,1.18026,-0.621348,0.531691,1.1877,-0.60039,0.551074,1.17742,-0.60039,0.547164,1.17005,-0.621349,0.624293,1.36955,-0.709718,0.628655,1.37818,-0.685425,0.651247,1.36619,-0.685425,0.646715,1.35765,-0.709718
0.0144523,-0.455683,1.15897,-1.6504,838874189,0.506823,1.188,-0.621349,0.510473,1.1955,-0.60039,0.530203,1.1859,-0.60039,0.526405,1.17847,-0.621348,0.599761,1.37896,-0.709719,0.603991,1.38765,-0.685425,0.626988,1.37646,-0.685425,0.622585,1.36785,-0.709718
1.01603,-0.455706,1.19348,0.619512,838874191,0.465498,1.20471,-0.621349,0.468884,1.21233,-0.60039,0.488937,1.20343,-0.60039,0.485401,1.19587,-0.621349,0.55171,1.3988,-0.709718,0.555634,1.40764,-0.685425,0.579007,1.39725,-0.685425,0.574908,1.3885,-0.709718
0.493322,-0.455345,1.21066,-0.193073,838874192,0.445208,1.21372,-0.621349,0.448442,1.22141,-0.60039,0.468496,1.21251,-0.60039,0.465111,1.20488,-0.621349,0.528125,1.40928,-0.709719,0.531874,1.41819,-0.685425,0.555247,1.40781,-0.685425,0.551323,1.39897,-0.709718
0.327405,-0.455721,1.23192,-3.52549,838874193,0.418846,1.22171,-0.621349,0.421965,1.22945,-0.60039,0.442316,1.22124,-0.60039,0.439043,1.21357,-0.621349,0.498278,1.41868,-0.709718,0.501894,1.42764,-0.685425,0.525613,1.41807,-0.685425,0.52182,1.40918,-0.709718
0.351482,-0.472563,0.443489,5.85217,838874660,1.16307,0.564787,-0.646197,1.17104,0.568193,-0.62537,1.17928,0.547854,-0.62537,1.17125,0.544602,-0.646196,1.35727,0.647322,-0.737862,1.3665,0.65127,-0.713722,1.3761,0.627564,-0.713722,1.3668,0.623794,-0.737862
0.158151,-0.472999,0.533783,-13.7782,838874665,1.10616,0.666657,-0.646196,1.1138,0.67073,-0.62537,1.12412,0.651362,-0.62537,1.11639,0.647435,-0.646197,1.29237,0.765822,-0.737862,1.30124,0.770543,-0.713722,1.31326,0.747969,-0.713722,1.3043,0.743417,-0.737862
0.199909,-0.472951,0.602815,-7.4926,838874669,1.05765,0.741441,-0.646196,1.06499,0.746038,-0.62537,1.07663,0.727437,-0.62537,1.0692,0.722981,-0.646196,1.23649,0.853364,-0.737862,1.245,0.858692,-0.713722,1.25857,0.837012,-0.713722,1.24995,0.831847,-0.737862
0.0677451,-0.472556,0.619987,-1.58947,838874670,1.04587,0.760262,-0.646197,1.05313,0.764998,-0.62537,1.06477,0.746398,-0.62537,1.05742,0.741801,-0.646196,1.2228,0.875241,-0.737862,1.23121,0.880732,-0.713722,1.24478,0.859052,-0.713722,1.23626,0.853724,-0.737862
0.270671,-0.472937,0.637329,-0.268206,838874671,1.03146,0.777517,-0.646196,1.03864,0.782368,-0.62537,1.05093,0.764185,-0.62537,1.04366,0.759471,-0.646196,1.20629,0.895618,-0.737862,1.21461,0.90124,-0.713722,1.22893,0.880048,-0.713722,1.2205,0.874584,-0.737862
0.0899885,-0.472545,0.6545,-1.79132,838874672,1.01904,0.795915,-0.646197,1.02612,0.800902,-0.62537,1.03841,0.782719,-0.62537,1.03123,0.777869,-0.646196,1.19184,0.917003,-0.737862,1.20005,0.922784,-0.713722,1.21437,0.901592,-0.713722,1.20605,0.895969,-0.737862
0.0289866,-0.472929,0.671842,-2.56869,838874673,1.00404,0.812657,-0.646196,1.01104,0.817755,-0.62537,1.02395,0.800012,-0.62537,1.01685,0.795048,-0.646196,1.17463,0.936791,-0.737862,1.18275,0.942701,-0.713722,1.1978,0.922021,-0.713722,1.18956,0.916266,-0.737862
0.152191,-0.472549,0.75804,-55.5917,838874678,0.9313,0.896952,-0.646197,0.937827,0.902654,-0.62537,0.951945,0.885856,-0.62537,0.945312,0.880281,-0.646196,1.09049,1.03545,-0.737862,1.09805,1.04206,-0.713722,1.11451,1.02248,-0.713722,1.10682,1.01602,-0.737862
0.100625,-0.472943,0.775381,-11.7202,838874679,0.914632,0.912033,-0.646196,0.921067,0.917837,-0.62537,0.935763,0.901542,-0.62537,0.929217,0.895861,-0.646197,1.0713,1.05333,-0.737862,1.07876,1.06006,-0.713722,1.09589,1.04107,-0.713722,1.0883,1.03448,-0.737862
0.00751621,-0.47296,0.809896,-2.5173,838874681,0.882578,0.94301,-0.646196,0.888806,0.949035,-0.62537,0.904062,0.933263,-0.62537,0.897719,0.927358,-0.646196,1.03422,1.08969,-0.737862,1.04143,1.09668,-0.713722,1.05922,1.07829,-0.713722,1.05186,1.07145,-0.737862
-0.000783313,-0.472584,0.82707,-2.33434,838874682,0.867141,0.958968,-0.646196,0.873254,0.965111,-0.62537,0.888511,0.94934,-0.62537,0.882283,0.943315,-0.646197,1.01627,1.10824,-0.737862,1.02336,1.11536,-0.713722,1.04114,1.09698,-0.713722,1.03392,1.09,-0.737862
0.518675,-0.472984,0.844412,-3.73298,838874683,0.849461,0.972849,-0.646197,0.855475,0.979087,-0.62537,0.871272,0.963858,-0.62537,0.86514,0.957735,-0.646196,0.995884,1.12474,-0.737862,1.00285,1.13197,-0.713722,1.02127,1.11422,-0.713722,1.01416,1.10712,-0.737862
1.41964,-0.472611,0.861588,0.963919,838874684,0.833477,0.988258,-0.646197,0.839371,0.994611,-0.62537,0.855169,0.979382,-0.62537,0.849156,0.973143,-0.646196,0.977304,1.14265,-0.737862,0.984136,1.15001,-0.713722,1.00255,1.13226,-0.713722,0.995579,1.12503,-0.737862
6.0387,-0.472999,0.882849,-0.180012,838874685,0.811437,1.00478,-0.646197,0.817231,1.01122,-0.62537,0.833547,0.996551,-0.62537,0.82763,0.990219,-0.646196,0.952507,1.16166,-0.737862,0.959223,1.16912,-0.713722,0.97824,1.15202,-0.713722,0.971382,1.14468,-0.737862
5.1108,-0.472597,0.900021,-0.280519,838874686,0.794929,1.01963,-0.646197,0.8006,1.02618,-0.62537,0.816916,1.01151,-0.62537,0.811122,1.00506,-0.646196,0.933317,1.17891,-0.737862,0.93989,1.18651,-0.713722,0.958908,1.16941,-0.713722,0.952192,1.16194,-0.737862
1.67666,-0.472972,0.917366,0.94735,838874687,0.776325,1.03224,-0.646197,0.781891,1.03889,-0.62537,0.798709,1.02479,-0.62537,0.793018,1.01826,-0.646196,0.91183,1.19395,-0.737862,0.918281,1.20165,-0.713722,0.937884,1.18522,-0.713722,0.931286,1.17765,-0.737862
7.75414,-0.472573,0.934537,0.0197709,838874688,0.759308,1.0465,-0.646197,0.764747,1.05325,-0.62537,0.781566,1.03916,-0.62537,0.776,1.03252,-0.646196,0.892049,1.21053,-0.737862,0.898354,1.21835,-0.713722,0.917956,1.20192,-0.713722,0.911505,1.19422,-0.737862
1.43192,-0.472951,0.951881,-0.110112,838874689,0.740276,1.05846,-0.646197,0.745606,1.0653,-0.62537,0.762907,1.0518,-0.62537,0.757446,1.04507,-0.646196,0.870051,1.2248,-0.737862,0.876228,1.23272,-0.713722,0.896393,1.21699,-0.713722,0.890064,1.20919,-0.737862
0.204985,-0.472556,0.969052,-23.171,838874690,0.722771,1.07212,-0.646197,0.727971,1.07905,-0.62537,0.745272,1.06556,-0.62537,0.739942,1.05872,-0.646196,0.849703,1.24068,-0.737862,0.85573,1.24872,-0.713722,0.875894,1.23298,-0.713722,0.869716,1.22506,-0.737862
0.0423854,-0.472937,0.986395,-2.37879,838874691,0.703333,1.08341,-0.646196,0.708421,1.09042,-0.62537,0.726182,1.07754,-0.62537,0.72096,1.07062,-0.646196,0.827219,1.25418,-0.737862,0.833116,1.26231,-0.713722,0.853818,1.24729,-0.713722,0.847765,1.23927,-0.737862
-0.000429805,-0.472549,1.10711,-1.58342,838874698,0.56836,1.16138,-0.646196,0.572544,1.16897,-0.62537,0.591556,1.15802,-0.62537,0.587229,1.15051,-0.646196,0.670578,1.34598,-0.737862,0.675427,1.35477,-0.713722,0.697586,1.342,-0.713722,0.692571,1.3333,-0.737862
-0.00909176,-0.472943,1.12445,-1.9651,838874699,0.547539,1.16985,-0.646196,0.551601,1.17751,-0.62537,0.570984,1.16722,-0.62537,0.566776,1.15965,-0.646197,0.646433,1.35621,-0.737862,0.651141,1.36509,-0.713722,0.673732,1.3531,-0.713722,0.668855,1.34432,-0.737862
0.0491717,-0.472564,1.14162,-3.0729,838874700,0.527927,1.18026,-0.646197,0.531843,1.18799,-0.62537,0.551226,1.17771,-0.62537,0.547164,1.17005,-0.646196,0.623636,1.36831,-0.737862,0.628175,1.37727,-0.713722,0.650766,1.36529,-0.713722,0.646058,1.35641,-0.737862
0.0718223,-0.47296,1.15896,65.4646,838874701,0.506823,1.188,-0.646197,0.510615,1.19579,-0.62537,0.530345,1.18619,-0.62537,0.526405,1.17847,-0.646196,0.599148,1.3777,-0.737862,0.603543,1.38673,-0.713722,0.626539,1.37554,-0.713722,0.621972,1.36659,-0.737862
0.00895062,-0.472584,1.17614,-2.6985,838874702,0.48686,1.19771,-0.646196,0.490503,1.20558,-0.62537,0.510234,1.19598,-0.62537,0.506442,1.18818,-0.646196,0.575943,1.38899,-0.737862,0.580166,1.39811,-0.713722,0.603162,1.38692,-0.713722,0.598767,1.37789,-0.737862
0.127644,-0.472611,1.21065,7.99086,838874704,0.445208,1.21372,-0.646196,0.448574,1.22171,-0.62537,0.468628,1.2128,-0.62537,0.465111,1.20488,-0.646196,0.527556,1.408,-0.737862,0.531458,1.41725,-0.713722,0.554831,1.40687,-0.713722,0.550754,1.39769,-0.737862
0.312377,-0.472999,1.23191,-3.91823,838874705,0.418846,1.22171,-0.646197,0.422087,1.22975,-0.62537,0.442438,1.22154,-0.62537,0.439043,1.21357,-0.646196,0.497754,1.41738,-0.737862,0.501511,1.42669,-0.713722,0.52523,1.41712,-0.713722,0.521296,1.40788,-0.737862
0.140287,-0.472597,1.24909,-2.20152,838874706,0.398256,1.23002,-0.646197,0.401343,1.23811,-0.62537,0.421694,1.22991,-0.62537,0.418453,1.22187,-0.646196,0.47382,1.42703,-0.737862,0.477398,1.43641,-0.713722,0.501118,1.42685,-0.713722,0.497361,1.41753,-0.737862
0.249969,-0.4902,0.42631,-8.90312,838875171,1.17141,0.544209,-0.671209,1.17974,0.547583,-0.65052,1.18797,0.527244,-0.65052,1.17958,0.524023,-0.671209,1.36561,0.622856,-0.766148,1.37526,0.626767,-0.742167,1.38486,0.603062,-0.742167,1.37514,0.599329,-0.766148
0.367646,-0.489808,0.443481,-5.27356,838875172,1.16307,0.564787,-0.671209,1.17134,0.568314,-0.65052,1.17958,0.547976,-0.65052,1.17125,0.544602,-0.671209,1.35592,0.646777,-0.766148,1.3655,0.650865,-0.742167,1.3751,0.62716,-0.742167,1.36545,0.623249,-0.766148
0.117255,-0.489857,0.512514,7.03674,838875176,1.12122,0.643593,-0.671209,1.12922,0.647688,-0.65052,1.13885,0.627974,-0.65052,1.13078,0.624027,-0.671209,1.30787,0.738845,-0.766148,1.31715,0.743592,-0.742167,1.32838,0.720615,-0.742167,1.31902,0.71604,-0.766148
-0.0347406,-0.489801,0.619979,-1.28475,838875182,1.04587,0.760262,-0.671209,1.0534,0.76517,-0.65052,1.06504,0.746569,-0.65052,1.05742,0.741801,-0.671209,1.22157,0.87447,-0.766148,1.23029,0.88016,-0.742167,1.24386,0.85848,-0.742167,1.23503,0.852953,-0.766148
0.0601595,-0.490193,0.637324,-2.17008,838875183,1.03146,0.777517,-0.671209,1.03891,0.782549,-0.65052,1.0512,0.764366,-0.65052,1.04366,0.759471,-0.671209,1.20508,0.894805,-0.766148,1.21372,0.900637,-0.742167,1.22803,0.879444,-0.742167,1.21929,0.873771,-0.766148
0.074304,-0.489789,0.654493,-2.18184,838875184,1.01904,0.795915,-0.671209,1.02639,0.801083,-0.65052,1.03867,0.7829,-0.65052,1.03123,0.777869,-0.671209,1.19064,0.91619,-0.766148,1.19916,0.922181,-0.742167,1.21348,0.900988,-0.742167,1.20484,0.895156,-0.766148
0.0070526,-0.490185,0.671837,-2.90044,838875185,1.00404,0.812657,-0.671209,1.0113,0.817945,-0.65052,1.02422,0.800203,-0.65052,1.01685,0.795048,-0.671209,1.17345,0.935936,-0.766148,1.18188,0.942066,-0.742167,1.19692,0.921387,-0.742167,1.18839,0.915412,-0.766148
0.0612989,-0.490218,0.809891,-3.49936,838875193,0.882578,0.94301,-0.671209,0.889038,0.949259,-0.65052,0.904294,0.933488,-0.65052,0.897719,0.927357,-0.671209,1.03317,1.08868,-0.766148,1.04066,1.09593,-0.742167,1.05844,1.07755,-0.742167,1.05082,1.07044,-0.766148
0.137701,-0.48983,0.827063,-15.5573,838875194,0.867141,0.958968,-0.671209,0.873487,0.965336,-0.65052,0.888743,0.949564,-0.65052,0.882283,0.943315,-0.671209,1.01523,1.10723,-0.766148,1.02258,1.11461,-0.742167,1.04037,1.09623,-0.742167,1.03288,1.08899,-0.766148
0.379482,-0.490242,0.844407,-5.60621,838875195,0.849461,0.972849,-0.671209,0.855699,0.97932,-0.65052,0.871497,0.964091,-0.65052,0.86514,0.957734,-0.671209,0.994876,1.12369,-0.766148,1.00211,1.13119,-0.742167,1.02052,1.11344,-0.742167,1.01315,1.10608,-0.766148
4.58591,-0.489857,0.86158,0.0142038,838875196,0.833477,0.988258,-0.671209,0.839596,0.994843,-0.65052,0.855394,0.979614,-0.65052,0.849156,0.973143,-0.671209,0.976296,1.1416,-0.766148,0.983388,1.14924,-0.742167,1.0018,1.13149,-0.742167,0.99457,1.12399,-0.766148
3.80884,-0.490257,0.882843,-2.2693,838875197,0.811437,1.00478,-0.671209,0.817447,1.01146,-0.65052,0.833763,0.996792,-0.65052,0.82763,0.990219,-0.671209,0.951536,1.16058,-0.766148,0.958502,1.16832,-0.742167,0.977519,1.15122,-0.742167,0.97041,1.1436,-0.766148
28.6343,-0.489843,0.900013,-1.35058,838875198,0.794929,1.01963,-0.671209,0.800816,1.02642,-0.65052,0.817132,1.01175,-0.65052,0.811122,1.00506,-0.671209,0.932346,1.17783,-0.766148,0.93917,1.18571,-0.742167,0.958187,1.16861,-0.742167,0.95122,1.16086,-0.766148
3.72708,-0.49023,0.91736,-0.105585,838875199,0.776325,1.03224,-0.671209,0.782098,1.03913,-0.65052,0.798917,1.02504,-0.65052,0.793017,1.01826,-0.671209,0.910897,1.19284,-0.766148,0.917589,1.20082,-0.742167,0.937191,1.18439,-0.742167,0.930353,1.17653,-0.766148
26.1828,-0.489819,0.93453,0.0673058,838875200,0.759308,1.0465,-0.671209,0.764955,1.0535,-0.65052,0.781773,1.03941,-0.65052,0.776,1.03252,-0.671209,0.891116,1.20941,-0.766148,0.897661,1.21752,-0.742167,0.917264,1.20109,-0.742167,0.910572,1.19311,-0.766148
3.624,-0.490208,0.951876,-0.194983,838875201,0.740276,1.05846,-0.671209,0.745805,1.06555,-0.65052,0.763105,1.05205,-0.65052,0.757446,1.04507,-0.671209,0.869157,1.22366,-0.766148,0.875565,1.23187,-0.742167,0.89573,1.21614,-0.742167,0.88917,1.20804,-0.766148
1.1143,-0.489801,0.969045,-0.423152,838875202,0.722771,1.07212,-0.671209,0.72817,1.07931,-0.65052,0.74547,1.06581,-0.65052,0.739942,1.05872,-0.671209,0.848809,1.23953,-0.766148,0.855067,1.24787,-0.742167,0.875231,1.23213,-0.742167,0.868823,1.22392,-0.766148
0.0476484,-0.490193,0.98639,-2.31417,838875203,0.703333,1.08341,-0.671209,0.708611,1.09068,-0.65052,0.726372,1.0778,-0.65052,0.72096,1.07062,-0.671209,0.826366,1.253,-0.766148,0.832483,1.26144,-0.742167,0.853185,1.24642,-0.742167,0.846912,1.2381,-0.766148
0.0400837,-0.490188,1.08993,-2.07747,838875209,0.587596,1.1503,-0.671209,0.592084,1.15808,-0.65052,0.611096,1.14713,-0.65052,0.606465,1.13942,-0.671209,0.692214,1.33183,-0.766148,0.697416,1.34086,-0.742167,0.719575,1.32809,-0.742167,0.714207,1.31916,-0.766148
0.0744029,-0.489794,1.1071,-2.49856,838875210,0.56836,1.16138,-0.671209,0.572705,1.16925,-0.65052,0.591717,1.1583,-0.65052,0.587229,1.15051,-0.671209,0.669853,1.34472,-0.766148,0.674889,1.35384,-0.742167,0.697048,1.34107,-0.742167,0.691846,1.33204,-0.766148
-0.0401479,-0.4902,1.12444,-2.43394,838875211,0.547539,1.16985,-0.671209,0.551752,1.17779,-0.65052,0.571135,1.16751,-0.65052,0.566776,1.15965,-0.671209,0.645752,1.35493,-0.766148,0.650636,1.36413,-0.742167,0.673227,1.35215,-0.742167,0.668174,1.34303,-0.766148
-0.0123509,-0.489808,1.14161,-3.17038,838875212,0.527927,1.18026,-0.671209,0.531995,1.18828,-0.65052,0.551378,1.17799,-0.65052,0.547164,1.17005,-0.671209,0.622955,1.36703,-0.766148,0.62767,1.37632,-0.742167,0.650261,1.36433,-0.742167,0.645378,1.35513,-0.766148
0.099532,-0.490218,1.15896,46.2196,838875213,0.506823,1.188,-0.671209,0.510756,1.19608,-0.65052,0.530487,1.18648,-0.65052,0.526405,1.17847,-0.671209,0.598512,1.37639,-0.766148,0.603071,1.38576,-0.742167,0.626068,1.37457,-0.742167,0.621336,1.36529,-0.766148
-0.0299554,-0.48983,1.17613,-3.202,838875214,0.48686,1.19771,-0.671209,0.490645,1.20587,-0.65052,0.510375,1.19627,-0.65052,0.506442,1.18818,-0.671209,0.575307,1.38769,-0.766148,0.579694,1.39714,-0.742167,0.60269,1.38595,-0.742167,0.598131,1.37658,-0.766148
0.12312,-0.507426,0.391792,-7.6314,838875681,1.18952,0.503479,-0.696394,1.19827,0.50667,-0.675848,1.20579,0.486056,-0.675848,1.19699,0.48302,-0.696394,1.38494,0.574781,-0.794583,1.39508,0.578479,-0.770768,1.40384,0.554453,-0.770768,1.39364,0.550935,-0.794583
0.175693,-0.507035,0.443474,6.9494,838875684,1.16307,0.564787,-0.696394,1.17164,0.568434,-0.675848,1.17988,0.548096,-0.675848,1.17125,0.544602,-0.696394,1.35453,0.646212,-0.794583,1.36446,0.65044,-0.770768,1.37406,0.626735,-0.770768,1.36406,0.622685,-0.794583
-0.00267345,-0.507027,0.619971,-1.69374,838875694,1.04587,0.760262,-0.696394,1.05367,0.76534,-0.675848,1.06531,0.746739,-0.675848,1.05742,0.741801,-0.696394,1.22029,0.873673,-0.794583,1.22934,0.879559,-0.770768,1.2429,0.85788,-0.770768,1.23376,0.852155,-0.794583
0.0154572,-0.507431,0.637319,-58.5492,838875695,1.03146,0.777517,-0.696394,1.03918,0.782729,-0.675848,1.05146,0.764546,-0.675848,1.04366,0.759471,-0.696394,1.20384,0.893963,-0.794583,1.21278,0.900004,-0.770768,1.22709,0.878811,-0.770768,1.21805,0.872929,-0.794583
-0.0391457,-0.507015,0.654485,-2.30554,838875696,1.01904,0.795915,-0.696394,1.02666,0.801263,-0.675848,1.03894,0.78308,-0.675848,1.03123,0.777869,-0.696394,1.18939,0.915348,-0.794583,1.19822,0.921547,-0.770768,1.21254,0.900355,-0.770768,1.2036,0.894314,-0.794583
0.0518439,-0.507423,0.671832,-2.60379,838875697,1.00404,0.812657,-0.696394,1.01156,0.818134,-0.675848,1.02447,0.800391,-0.675848,1.01685,0.795048,-0.696394,1.17224,0.935052,-0.794583,1.18096,0.941401,-0.770768,1.19601,0.920721,-0.770768,1.18717,0.914527,-0.794583
0.0734586,-0.507457,0.809886,19.5957,838875705,0.882578,0.94301,-0.696394,0.889268,0.949483,-0.675848,0.904525,0.933711,-0.675848,0.897719,0.927358,-0.696394,1.03209,1.08764,-0.794583,1.03985,1.09514,-0.770768,1.05763,1.07676,-0.770768,1.04974,1.06939,-0.794583
0.0460061,-0.507057,0.827056,-2.01717,838875706,0.867141,0.958968,-0.696394,0.873717,0.965559,-0.675848,0.888974,0.949787,-0.675848,0.882283,0.943315,-0.696394,1.01415,1.10619,-0.794583,1.02177,1.11383,-0.770768,1.03955,1.09545,-0.770768,1.0318,1.08794,-0.794583
0.101349,-0.507482,0.844402,-20.437,838875707,0.849461,0.972849,-0.696394,0.855922,0.979551,-0.675848,0.871719,0.964322,-0.675848,0.86514,0.957734,-0.696394,0.993832,1.12261,-0.794583,1.00132,1.13038,-0.770768,1.01973,1.11263,-0.770768,1.01211,1.10499,-0.794583
0.667761,-0.507086,0.861573,25.5554,838875708,0.833477,0.988258,-0.696394,0.839819,0.995075,-0.675848,0.855616,0.979845,-0.675848,0.849156,0.973143,-0.696394,0.975252,1.14052,-0.794583,0.982603,1.14842,-0.770768,1.00102,1.13067,-0.770768,0.993527,1.12291,-0.794583
1.82921,-0.507498,0.882838,0.00389886,838875709,0.811437,1.00478,-0.696394,0.817662,1.0117,-0.675848,0.833978,0.99703,-0.675848,0.82763,0.990219,-0.696394,0.95053,1.15946,-0.794583,0.957746,1.16748,-0.770768,0.976763,1.15038,-0.770768,0.969405,1.14248,-0.794583
21.882,-0.507071,0.900006,-0.0383884,838875710,0.794929,1.01963,-0.696394,0.80103,1.02666,-0.675848,0.817346,1.01199,-0.675848,0.811122,1.00506,-0.696394,0.931341,1.17671,-0.794583,0.938413,1.18487,-0.770768,0.95743,1.16776,-0.770768,0.950215,1.15974,-0.794583
2.63581,-0.507469,0.917355,0.305338,838875711,0.776325,1.03224,-0.696394,0.782304,1.03938,-0.675848,0.799123,1.02529,-0.675848,0.793017,1.01826,-0.696394,0.909932,1.19168,-0.794583,0.916862,1.19995,-0.770768,0.936465,1.18353,-0.770768,0.929388,1.17538,-0.794583
1.39932,-0.507046,0.934522,0.227255,838875712,0.759308,1.0465,-0.696394,0.765161,1.05374,-0.675848,0.78198,1.03965,-0.675848,0.776,1.03252,-0.696394,0.890151,1.20826,-0.794583,0.896935,1.21665,-0.770768,0.916537,1.20023,-0.770768,0.909607,1.19196,-0.794583
0.613802,-0.507447,0.95187,-0.184256,838875713,0.740276,1.05846,-0.696394,0.746002,1.0658,-0.675848,0.763303,1.05231,-0.675848,0.757446,1.04507,-0.696394,0.868232,1.22247,-0.794583,0.874869,1.23098,-0.770768,0.895034,1.21525,-0.770768,0.888245,1.20686,-0.794583
0.221272,-0.507027,0.969037,3.40351,838875714,0.722771,1.07212,-0.696394,0.728367,1.07956,-0.675848,0.745668,1.06606,-0.675848,0.739942,1.05872,-0.696394,0.847885,1.23835,-0.794583,0.854371,1.24697,-0.770768,0.874535,1.23124,-0.770768,0.867898,1.22273,-0.794583
0.111322,-0.507431,0.986385,11.6268,838875715,0.703333,1.08341,-0.696394,0.708799,1.09094,-0.675848,0.726561,1.07806,-0.675848,0.72096,1.07062,-0.696394,0.825483,1.25179,-0.794583,0.831819,1.26052,-0.770768,0.852521,1.2455,-0.770768,0.846029,1.23688,-0.794583
0.0362419,-0.507426,1.08992,-2.51709,838875721,0.587596,1.1503,-0.696394,0.592245,1.15836,-0.675848,0.611257,1.14741,-0.675848,0.606465,1.13942,-0.696394,0.691463,1.33053,-0.794583,0.696851,1.33988,-0.770768,0.71901,1.32711,-0.770768,0.713456,1.31785,-0.794583
0.024506,-0.50702,1.10709,-1.99022,838875722,0.56836,1.16138,-0.696394,0.572865,1.16953,-0.675848,0.591877,1.15857,-0.675848,0.587229,1.15051,-0.696394,0.669103,1.34342,-0.794583,0.674324,1.35286,-0.770768,0.696483,1.34009,-0.770768,0.691096,1.33074,-0.794583
-0.0271441,-0.507438,1.12444,-2.62013,838875723,0.547539,1.16985,-0.696394,0.551903,1.17808,-0.675848,0.571286,1.16779,-0.675848,0.566776,1.15965,-0.696394,0.645047,1.3536,-0.794583,0.650105,1.36313,-0.770768,0.672697,1.35115,-0.770768,0.66747,1.3417,-0.794583
0.916249,-0.507035,1.14161,-2.72044,838875724,0.527927,1.18026,-0.696394,0.532145,1.18856,-0.675848,0.551528,1.17828,-0.675848,0.547164,1.17005,-0.696394,0.622251,1.3657,-0.794583,0.627139,1.37532,-0.770768,0.649731,1.36333,-0.770768,0.644673,1.3538,-0.794583
0.403328,-0.507457,1.15895,4.53858,838875725,0.506823,1.188,-0.696394,0.510897,1.19637,-0.675848,0.530627,1.18677,-0.675848,0.526405,1.17847,-0.696394,0.597854,1.37504,-0.794583,0.602576,1.38474,-0.770768,0.625573,1.37355,-0.770768,0.620678,1.36393,-0.794583
0.0387524,-0.507057,1.17612,-3.42041,838875726,0.48686,1.19771,-0.696394,0.490785,1.20616,-0.675848,0.510516,1.19656,-0.675848,0.506442,1.18818,-0.696394,0.574649,1.38634,-0.794583,0.579199,1.39612,-0.770768,0.602195,1.38493,-0.770768,0.597473,1.37523,-0.794583
0.0339124,-0.524237,0.619964,-2.43203,838876206,1.04587,0.760262,-0.721761,1.05394,0.765509,-0.701362,1.06558,0.746908,-0.701362,1.05742,0.741801,-0.721761,1.21897,0.872848,-0.823177,1.22833,0.878931,-0.799532,1.2419,0.857251,-0.799532,1.23244,0.851331,-0.823177
0.0316623,-0.524652,0.637313,-3.34238,838876207,1.03146,0.777517,-0.721761,1.03944,0.782907,-0.701362,1.05173,0.764724,-0.701362,1.04366,0.759471,-0.721761,1.20255,0.893093,-0.823177,1.2118,0.89934,-0.799532,1.22611,0.878148,-0.799532,1.21676,0.872059,-0.823177
-0.045504,-0.524224,0.654478,-2.87674,838876208,1.01904,0.795915,-0.721761,1.02692,0.801441,-0.701362,1.0392,0.783258,-0.701362,1.03123,0.777869,-0.721761,1.1881,0.914479,-0.823177,1.19724,0.920885,-0.799532,1.21156,0.899692,-0.799532,1.20231,0.893445,-0.823177
0.00977466,-0.524678,0.809881,-4.0019,838876217,0.882578,0.94301,-0.721761,0.889498,0.949704,-0.701362,0.904754,0.933933,-0.701362,0.897719,0.927358,-0.721761,1.03097,1.08656,-0.823177,1.039,1.09432,-0.799532,1.05678,1.07594,-0.799532,1.04862,1.06831,-0.823177
0.0554743,-0.524267,0.827048,39.393,838876218,0.867141,0.958968,-0.721761,0.873947,0.965781,-0.701362,0.889203,0.950009,-0.701362,0.882283,0.943315,-0.721761,1.01303,1.10511,-0.823177,1.02092,1.113,-0.799532,1.0387,1.09462,-0.799532,1.03068,1.08686,-0.823177
0.0748278,-0.524704,0.844397,33.0164,838876219,0.849461,0.972849,-0.721761,0.856143,0.979781,-0.701362,0.871941,0.964551,-0.701362,0.86514,0.957734,-0.721761,0.992754,1.12149,-0.823177,1.0005,1.12953,-0.799532,1.01891,1.11178,-0.799532,1.01103,1.10388,-0.823177
0.122735,-0.524297,0.861566,-52.1665,838876220,0.833477,0.988258,-0.721761,0.84004,0.995304,-0.701362,0.855838,0.980075,-0.701362,0.849156,0.973143,-0.721761,0.974174,1.1394,-0.823177,0.981781,1.14757,-0.799532,1.00019,1.12982,-0.799532,0.992449,1.12179,-0.823177
1.94194,-0.52472,0.882832,0.491206,838876221,0.811437,1.00478,-0.721761,0.817875,1.01194,-0.701362,0.834191,0.997267,-0.701362,0.82763,0.990219,-0.721761,0.949492,1.1583,-0.823177,0.956954,1.1666,-0.799532,0.975971,1.1495,-0.799532,0.968366,1.14133,-0.823177
0.868874,-0.524282,0.899998,0.995787,838876222,0.794929,1.01963,-0.721761,0.801243,1.0269,-0.701362,0.81756,1.01222,-0.701362,0.811122,1.00506,-0.721761,0.930302,1.17556,-0.823177,0.937621,1.18398,-0.799532,0.956638,1.16688,-0.799532,0.949176,1.15859,-0.823177
0.528616,-0.524691,0.91735,0.484537,838876223,0.776325,1.03224,-0.721761,0.782509,1.03962,-0.701362,0.799328,1.02553,-0.701362,0.793017,1.01826,-0.721761,0.908934,1.19049,-0.823177,0.916101,1.19905,-0.799532,0.935704,1.18262,-0.799532,0.92839,1.17419,-0.823177
0.439566,-0.524256,0.934515,2.97145,838876224,0.759308,1.0465,-0.721761,0.765366,1.05399,-0.701362,0.782184,1.0399,-0.701362,0.776,1.03252,-0.721761,0.889153,1.20707,-0.823177,0.896174,1.21575,-0.799532,0.915776,1.19932,-0.799532,0.908609,1.19077,-0.823177
0.240653,-0.524668,0.951865,2.81176,838876225,0.740276,1.05846,-0.721761,0.746198,1.06605,-0.701362,0.763499,1.05256,-0.701362,0.757446,1.04507,-0.721761,0.867276,1.22125,-0.823176,0.874141,1.23005,-0.799532,0.894305,1.21431,-0.799532,0.88729,1.20563,-0.823177
0.114139,-0.524237,0.96903,-13.132,838876226,0.722771,1.07212,-0.721761,0.728563,1.07981,-0.701362,0.745864,1.06632,-0.701362,0.739942,1.05872,-0.721761,0.846929,1.23712,-0.823177,0.853642,1.24604,-0.799532,0.873807,1.23031,-0.799532,0.866942,1.22151,-0.823177
-0.0129237,-0.524652,0.986379,-3.35987,838876227,0.703333,1.08341,-0.721761,0.708986,1.0912,-0.701362,0.726748,1.07832,-0.701362,0.72096,1.07062,-0.721761,0.82457,1.25053,-0.823177,0.831124,1.25956,-0.799532,0.851825,1.24454,-0.799532,0.845117,1.23562,-0.823177
0.0480289,-0.524647,1.08992,-3.28011,838876233,0.587596,1.1503,-0.721761,0.592404,1.15864,-0.701362,0.611416,1.14768,-0.701362,0.606465,1.13942,-0.721761,0.690687,1.32918,-0.823177,0.696259,1.33885,-0.799532,0.718418,1.32608,-0.799532,0.71268,1.31651,-0.823177
0.0313364,-0.524229,1.10708,-2.55982,838876234,0.56836,1.16138,-0.721761,0.573024,1.16981,-0.701362,0.592036,1.15885,-0.701362,0.587229,1.15051,-0.721761,0.668327,1.34207,-0.823177,0.673733,1.35183,-0.799532,0.695892,1.33906,-0.799532,0.69032,1.32939,-0.823177
0.387165,-0.524659,1.12443,-2.95388,838876235,0.547539,1.16985,-0.721761,0.552052,1.17836,-0.701362,0.571435,1.16807,-0.701362,0.566776,1.15965,-0.721761,0.644319,1.35223,-0.823176,0.64955,1.36209,-0.799532,0.672142,1.3501,-0.799532,0.666741,1.34033,-0.823176
0.460183,-0.524245,1.1416,4.9853,838876236,0.527927,1.18026,-0.721761,0.532295,1.18884,-0.701362,0.551678,1.17856,-0.701362,0.547164,1.17005,-0.721761,0.621522,1.36433,-0.823177,0.626584,1.37428,-0.799532,0.649176,1.36229,-0.799532,0.643945,1.35243,-0.823177
0.231767,-0.524678,1.15895,-9.69562,838876237,0.506823,1.188,-0.721761,0.511036,1.19666,-0.701362,0.530767,1.18705,-0.701362,0.526405,1.17847,-0.721761,0.597174,1.37365,-0.823177,0.602058,1.38368,-0.799532,0.625054,1.37249,-0.799532,0.619999,1.36254,-0.823177
-0.0396123,-0.524267,1.17611,-3.96587,838876238,0.48686,1.19771,-0.721761,0.490925,1.20644,-0.701362,0.510655,1.19684,-0.701362,0.506442,1.18818,-0.721761,0.573969,1.38494,-0.823176,0.57868,1.39506,-0.799532,0.601677,1.38387,-0.799532,0.596793,1.37383,-0.823177
0.175271,-0.524282,1.24906,-43.7038,838876242,0.398256,1.23002,-0.721761,0.401703,1.23901,-0.701362,0.422054,1.2308,-0.701362,0.418453,1.22187,-0.721761,0.472133,1.42285,-0.823177,0.476129,1.43327,-0.799532,0.499848,1.4237,-0.799532,0.495674,1.41335,-0.823177
0.0967218,-0.524691,1.26642,-52.4788,838876243,0.376459,1.23551,-0.721761,0.379746,1.24456,-0.701362,0.400371,1.23707,-0.701362,0.396928,1.22808,-0.721761,0.446946,1.42957,-0.823177,0.450756,1.44006,-0.799532,0.474794,1.43133,-0.799532,0.470804,1.42091,-0.823176
0.149906,-0.541402,0.374438,4.86265,838876704,1.19933,0.483252,-0.747269,1.2087,0.486507,-0.727072,1.2155,0.465618,-0.727072,1.20607,0.462546,-0.747269,1.39311,0.550026,-0.851731,1.40391,0.553774,-0.828468,1.41179,0.529563,-0.828468,1.40093,0.526024,-0.851731
0.115288,-0.541899,0.844387,9.81361,838876731,0.849461,0.972848,-0.747269,0.856346,0.97999,-0.727072,0.872162,0.964743,-0.727072,0.86514,0.957734,-0.747269,0.991694,1.12039,-0.851731,0.999624,1.12862,-0.828468,1.01796,1.11095,-0.828468,1.00987,1.10287,-0.851731
0.373757,-0.54148,0.861565,-2.17936,838876732,0.833476,0.988258,-0.747269,0.840223,0.995533,-0.727072,0.856039,0.980286,-0.727072,0.849155,0.973144,-0.747269,0.973214,1.13821,-0.851731,0.980986,1.14659,-0.828468,0.999318,1.12891,-0.828468,0.991388,1.12069,-0.851731
0.885069,-0.541915,0.882822,1.67709,838876733,0.811438,1.00478,-0.747269,0.818071,1.01216,-0.727072,0.834406,0.997467,-0.727072,0.827631,0.990218,-0.747269,0.948471,1.15717,-0.851731,0.956111,1.16566,-0.828468,0.975044,1.14864,-0.828468,0.967241,1.14029,-0.851731
0.250972,-0.541465,0.899997,6.23538,838876734,0.794928,1.01963,-0.747269,0.801419,1.02713,-0.727072,0.817754,1.01244,-0.727072,0.811121,1.00506,-0.747269,0.929384,1.17433,-0.851731,0.936861,1.18297,-0.828468,0.955794,1.16595,-0.828468,0.948154,1.15745,-0.851731
0.316502,-0.541885,0.917339,-10.908,838876735,0.776326,1.03224,-0.747269,0.782698,1.03985,-0.727072,0.799536,1.02574,-0.727072,0.793018,1.01826,-0.747269,0.907953,1.18932,-0.851731,0.915292,1.19808,-0.828468,0.934808,1.18172,-0.828468,0.927301,1.17311,-0.851731
1.21093,-0.541438,0.934514,0.975788,838876736,0.759308,1.0465,-0.747269,0.765533,1.05423,-0.727072,0.782371,1.04012,-0.727072,0.776,1.03252,-0.747269,0.888279,1.20581,-0.851731,0.895449,1.21471,-0.828468,0.914965,1.19835,-0.828468,0.907627,1.1896,-0.851731
0.0074874,-0.541862,0.951854,-2.80546,838876737,0.740277,1.05846,-0.747269,0.746379,1.06628,-0.727072,0.763699,1.05277,-0.727072,0.757447,1.04507,-0.747269,0.866338,1.22004,-0.851731,0.873366,1.22905,-0.828468,0.893441,1.21339,-0.828468,0.88624,1.20452,-0.851731
0.0626597,-0.541418,0.969029,-33.5695,838876738,0.722771,1.07212,-0.747269,0.728722,1.08006,-0.727072,0.746043,1.06655,-0.727072,0.739941,1.05873,-0.747269,0.8461,1.23583,-0.851731,0.852954,1.24498,-0.828468,0.87303,1.22931,-0.828468,0.866002,1.22031,-0.851731
0.124687,-0.541846,0.986369,18.3879,838876739,0.703334,1.08341,-0.747269,0.709158,1.09144,-0.727072,0.726941,1.07854,-0.727072,0.720961,1.07062,-0.747269,0.823674,1.24929,-0.851731,0.830383,1.25854,-0.828468,0.850994,1.24359,-0.828468,0.844107,1.23447,-0.851731
-0.134068,-0.5414,1.03806,-2.71906,838876742,0.647125,1.11945,-0.747269,0.652507,1.12779,-0.727072,0.670729,1.11551,-0.727072,0.665188,1.10729,-0.747269,0.758724,1.29137,-0.851731,0.764924,1.30097,-0.828468,0.786044,1.28675,-0.828468,0.779662,1.27727,-0.851731
-0.0576804,-0.54184,1.08991,-1.90088,838876745,0.587597,1.1503,-0.747269,0.59255,1.15889,-0.727072,0.611585,1.14792,-0.727072,0.606466,1.13942,-0.747269,0.689925,1.32786,-0.851731,0.69563,1.33776,-0.828468,0.717692,1.32504,-0.828468,0.711796,1.31525,-0.851731
-0.0148705,-0.541411,1.10708,-1.7024,838876746,0.568359,1.16138,-0.747269,0.573147,1.17007,-0.727072,0.592181,1.1591,-0.727072,0.587228,1.15051,-0.747269,0.667685,1.34068,-0.851731,0.6732,1.35068,-0.828468,0.695261,1.33797,-0.828468,0.689556,1.32807,-0.851731
0.0465502,-0.541852,1.12442,-1.98478,838876747,0.54754,1.16985,-0.747269,0.55219,1.17862,-0.727072,0.571595,1.16832,-0.727072,0.566777,1.15964,-0.747269,0.643604,1.35088,-0.851731,0.64896,1.36097,-0.828468,0.671452,1.34904,-0.828468,0.665901,1.33905,-0.851731
0.00949539,-0.541427,1.1416,-1.3518,838876748,0.527927,1.18026,-0.747269,0.532408,1.18911,-0.727072,0.551814,1.17882,-0.727072,0.547164,1.17005,-0.747269,0.62093,1.36291,-0.851731,0.626091,1.37311,-0.828468,0.648583,1.36117,-0.828468,0.643228,1.35108,-0.851731
-0.0291872,-0.541872,1.15894,-1.84634,838876749,0.506824,1.188,-0.747269,0.511165,1.19692,-0.727072,0.530918,1.1873,-0.727072,0.526406,1.17847,-0.747269,0.596507,1.37227,-0.851731,0.601507,1.38254,-0.828468,0.624402,1.3714,-0.828468,0.619204,1.36122,-0.851731
0.0531345,-0.54145,1.17611,-1.69438,838876750,0.486859,1.19772,-0.747269,0.491028,1.20672,-0.727072,0.510782,1.1971,-0.727072,0.506441,1.18819,-0.747269,0.573426,1.3835,-0.851731,0.578229,1.39387,-0.828468,0.601124,1.38273,-0.828468,0.596124,1.37246,-0.851731
0.122264,-0.541915,1.23189,-40.0497,838876753,0.418847,1.22171,-0.747269,0.422557,1.23091,-0.727072,0.442932,1.2227,-0.727072,0.439044,1.21357,-0.747269,0.495497,1.41178,-0.851731,0.499771,1.42237,-0.828468,0.523385,1.41285,-0.828468,0.518908,1.40233,-0.851731
0.135352,-0.541465,1.24906,-20.3408,838876754,0.398255,1.23002,-0.747269,0.401788,1.23929,-0.727072,0.422162,1.23107,-0.727072,0.418452,1.22187,-0.747269,0.471692,1.42138,-0.851731,0.475761,1.43206,-0.828468,0.499376,1.42253,-0.828468,0.495102,1.41194,-0.851731
0.0765867,-0.541438,1.28358,-1.98311,838876756,0.35559,1.24309,-0.747269,0.358797,1.25248,-0.727072,0.379446,1.24498,-0.727072,0.37606,1.23566,-0.747269,0.422299,1.4369,-0.851731,0.425993,1.44771,-0.828468,0.449925,1.43902,-0.828468,0.446025,1.42828,-0.851731
0.048041,-0.541862,1.30092,89.5678,838876757,0.333617,1.24782,-0.747269,0.336676,1.25726,-0.727072,0.357574,1.25048,-0.727072,0.354333,1.2411,-0.747269,0.396812,1.44277,-0.851731,0.400335,1.45364,-0.828468,0.424557,1.44579,-0.828468,0.420824,1.43499,-0.851731
-0.0316462,-0.541418,1.31809,-2.83016,838876758,0.312495,1.25467,-0.747269,0.315372,1.26416,-0.727072,0.336271,1.25739,-0.727072,0.333212,1.24795,-0.747269,0.372394,1.45069,-0.851731,0.375708,1.46162,-0.828468,0.39993,1.45377,-0.828468,0.396407,1.4429,-0.851731
0.00694302,-0.541846,1.33543,-2.98064,838876759,0.29037,1.25862,-0.747269,0.293097,1.26816,-0.727072,0.314219,1.26212,-0.727072,0.311308,1.25264,-0.747269,0.346717,1.45566,-0.851731,0.349859,1.46665,-0.828468,0.37434,1.45965,-0.828468,0.370987,1.44872,-0.851731
-0.00814649,-0.541406,1.35261,-2.10702,838876760,0.269022,1.26473,-0.747269,0.271566,1.27432,-0.727072,0.292688,1.26828,-0.727072,0.28996,1.25874,-0.747269,0.322038,1.46272,-0.851731,0.324968,1.47377,-0.828468,0.349449,1.46677,-0.828468,0.346308,1.45578,-0.851731
0.0227549,-0.558585,0.827041,-2.18558,838877242,0.867141,0.958969,-0.772956,0.874352,0.96621,-0.752908,0.889626,0.95042,-0.752908,0.882282,0.943316,-0.772956,1.0109,1.10285,-0.880443,1.01921,1.11119,-0.857352,1.03691,1.09289,-0.857352,1.02845,1.08471,-0.880443
0.0874315,-0.559045,0.844382,8.78377,838877243,0.849461,0.972848,-0.772956,0.856553,0.980205,-0.752908,0.872369,0.964958,-0.752908,0.86514,0.957734,-0.772956,0.990605,1.11926,-0.880443,0.998773,1.12773,-0.857352,1.0171,1.11006,-0.857352,1.00878,1.10174,-0.880443
0.00811933,-0.558616,0.861559,-1.99233,838877244,0.833476,0.988258,-0.772956,0.84043,0.995747,-0.752908,0.856246,0.9805,-0.752908,0.849155,0.973144,-0.772956,0.972125,1.13708,-0.880443,0.980134,1.1457,-0.857352,0.998466,1.12803,-0.857352,0.990298,1.11956,-0.880443
-0.00605543,-0.559062,0.882817,-3.33672,838877245,0.811438,1.00478,-0.772956,0.81827,1.01238,-0.752908,0.834605,0.997688,-0.752908,0.827631,0.990218,-0.772956,0.947421,1.156,-0.880443,0.95529,1.16475,-0.857352,0.974224,1.14772,-0.857352,0.966191,1.13912,-0.880443
-0.064739,-0.5586,0.89999,-2.73551,838877246,0.794928,1.01963,-0.772956,0.801618,1.02735,-0.752908,0.817953,1.01266,-0.752908,0.811121,1.00506,-0.772956,0.928335,1.17316,-0.880443,0.93604,1.18206,-0.857352,0.954974,1.16503,-0.857352,0.947104,1.15628,-0.880443
0.033577,-0.559031,0.917334,-2.59127,838877247,0.776326,1.03224,-0.772956,0.782889,1.04007,-0.752908,0.799727,1.02596,-0.752908,0.793018,1.01826,-0.772956,0.906945,1.18812,-0.880443,0.914504,1.19714,-0.857352,0.93402,1.18078,-0.857352,0.926293,1.17191,-0.880443
-0.00818673,-0.558572,0.934507,-2.78696,838877248,0.759308,1.0465,-0.772956,0.765724,1.05446,-0.752908,0.782562,1.04035,-0.752908,0.776,1.03252,-0.772956,0.887271,1.2046,-0.880443,0.894661,1.21377,-0.857352,0.914178,1.19741,-0.857352,0.906618,1.18839,-0.880443
0.0203979,-0.559007,0.951849,-44.7313,838877249,0.740277,1.05846,-0.772956,0.746562,1.06652,-0.752908,0.763883,1.05301,-0.752908,0.757447,1.04507,-0.772956,0.865372,1.21881,-0.880443,0.872611,1.22808,-0.857352,0.892687,1.21242,-0.857352,0.885274,1.20328,-0.880443
0.0322077,-0.558552,0.969022,-2.99864,838877250,0.722771,1.07212,-0.772956,0.728905,1.08029,-0.752908,0.746226,1.06678,-0.752908,0.739941,1.05873,-0.772956,0.845134,1.23459,-0.880443,0.8522,1.24401,-0.857352,0.872275,1.22835,-0.857352,0.865036,1.21907,-0.880443
0.0985114,-0.55899,0.986364,-6.87929,838877251,0.703333,1.08341,-0.772956,0.709333,1.09168,-0.752908,0.727116,1.07878,-0.752908,0.720961,1.07062,-0.772956,0.822752,1.24802,-0.880443,0.829663,1.25755,-0.857352,0.850274,1.2426,-0.857352,0.843185,1.2332,-0.880443
-0.0285532,-0.558985,1.0899,-3.09518,838877257,0.587597,1.1503,-0.772956,0.592699,1.15915,-0.752908,0.611733,1.14818,-0.752908,0.606466,1.13942,-0.772956,0.689141,1.3265,-0.880443,0.695018,1.3367,-0.857352,0.717079,1.32398,-0.857352,0.711012,1.31389,-0.880443
-0.0223347,-0.558544,1.10708,-2.24237,838877258,0.568359,1.16138,-0.772956,0.573296,1.17033,-0.752908,0.59233,1.15936,-0.752908,0.587228,1.15051,-0.772956,0.666901,1.33932,-0.880443,0.672587,1.34962,-0.857352,0.694649,1.33691,-0.857352,0.688772,1.32671,-0.880443
-0.0195916,-0.558997,1.12442,-1.62508,838877259,0.54754,1.16985,-0.772956,0.552329,1.17888,-0.752908,0.571735,1.16858,-0.752908,0.566777,1.15964,-0.772956,0.642868,1.34949,-0.880443,0.648385,1.35989,-0.857352,0.670877,1.34795,-0.857352,0.665166,1.33766,-0.880443
-0.0726124,-0.558561,1.14159,-2.45267,838877260,0.527927,1.18026,-0.772956,0.532548,1.18938,-0.752908,0.551953,1.17908,-0.752908,0.547164,1.17005,-0.772956,0.620194,1.36153,-0.880443,0.625516,1.37203,-0.857352,0.648008,1.36009,-0.857352,0.642492,1.34969,-0.880443
0.121555,-0.559018,1.15893,-23.8331,838877261,0.506824,1.188,-0.772956,0.511295,1.19719,-0.752908,0.531049,1.18757,-0.752908,0.526406,1.17847,-0.772956,0.59582,1.37086,-0.880443,0.60097,1.38144,-0.857352,0.623865,1.3703,-0.857352,0.618517,1.35981,-0.880443
0.107748,-0.558616,1.21062,14.2014,838877264,0.445207,1.21372,-0.772956,0.44918,1.22314,-0.752908,0.469258,1.21422,-0.752908,0.46511,1.20488,-0.772956,0.524595,1.40099,-0.880443,0.529172,1.41183,-0.857352,0.552442,1.4015,-0.857352,0.547665,1.39074,-0.880443
-0.0151652,-0.558572,1.28357,-3.22624,838877268,0.35559,1.24309,-0.772956,0.358899,1.25276,-0.752908,0.379548,1.24526,-0.752908,0.37606,1.23566,-0.772956,0.421763,1.43542,-0.880443,0.425574,1.44656,-0.857352,0.449507,1.43787,-0.857352,0.445489,1.4268,-0.880443
0.0421746,-0.559007,1.30092,-2.62046,838877269,0.333617,1.24782,-0.772956,0.336768,1.25754,-0.752908,0.357666,1.25077,-0.752908,0.354333,1.2411,-0.772956,0.396328,1.44128,-0.880443,0.399957,1.45247,-0.857352,0.424179,1.44462,-0.857352,0.42034,1.43349,-0.880443
0.074448,-0.558552,1.31809,-3.34985,838877270,0.312495,1.25467,-0.772956,0.315464,1.26445,-0.752908,0.336362,1.25767,-0.752908,0.333212,1.24795,-0.772956,0.37191,1.44919,-0.880443,0.37533,1.46046,-0.857352,0.399552,1.4526,-0.857352,0.395922,1.44141,-0.880443
0.0251671,-0.55899,1.33543,40.3421,838877271,0.29037,1.25862,-0.772956,0.293179,1.26845,-0.752908,0.314301,1.26241,-0.752908,0.311308,1.25264,-0.772956,0.346286,1.45415,-0.880443,0.349522,1.46547,-0.857352,0.374003,1.45847,-0.857352,0.370556,1.44721,-0.880443
0.0362297,-0.558539,1.3526,-3.42361,838877272,0.269022,1.26473,-0.772956,0.271648,1.27461,-0.752908,0.29277,1.26857,-0.752908,0.28996,1.25874,-0.772956,0.321606,1.46121,-0.880443,0.324631,1.47259,-0.857352,0.349112,1.46559,-0.857352,0.345876,1.45427,-0.880443
0.114829,-0.57611,0.740832,2.2968,838877749,0.945585,0.879955,-0.798841,0.953634,0.88672,-0.778947,0.967769,0.869902,-0.778947,0.959597,0.863284,-0.798841,1.10003,1.00976,-0.909329,1.1093,1.01755,-0.886414,1.12569,0.998061,-0.886414,1.11627,0.990438,-0.909329
0.126901,-0.576143,0.809861,11.421,838877753,0.882578,0.94301,-0.798841,0.890135,0.95032,-0.778947,0.905409,0.934529,-0.778947,0.89772,0.927357,-0.798841,1.02759,1.08328,-0.909329,1.03629,1.0917,-0.886414,1.054,1.0734,-0.886414,1.04514,1.06514,-0.909329
-0.0552227,-0.5757,0.827034,-2.66095,838877754,0.867141,0.958969,-0.798841,0.874565,0.966416,-0.778947,0.889839,0.950626,-0.778947,0.882282,0.943316,-0.798841,1.00974,1.10173,-0.909329,1.01829,1.11031,-0.886414,1.036,1.09201,-0.886414,1.02729,1.08359,-0.909329
0.0165179,-0.576172,0.844377,-3.42354,838877755,0.849462,0.972848,-0.798841,0.856758,0.980418,-0.778947,0.872575,0.965171,-0.778947,0.86514,0.957734,-0.798841,0.989484,1.1181,-0.909329,0.997889,1.12682,-0.886414,1.01622,1.10915,-0.886414,1.00766,1.10058,-0.909329
0.0306494,-0.575732,0.861552,-3.25628,838877756,0.833476,0.988258,-0.798841,0.840635,0.99596,-0.778947,0.856452,0.980713,-0.778947,0.849155,0.973144,-0.798841,0.971004,1.13591,-0.909329,0.97925,1.14479,-0.886415,0.997582,1.12711,-0.886414,0.989177,1.11839,-0.909329
0.0220377,-0.576189,0.882811,-2.57595,838877757,0.811438,1.00478,-0.798841,0.818468,1.0126,-0.778947,0.834803,0.997908,-0.778947,0.827631,0.990218,-0.798841,0.946341,1.1548,-0.909329,0.954439,1.1638,-0.886415,0.973372,1.14678,-0.886414,0.965111,1.13792,-0.909329
-0.0277722,-0.575715,0.899983,-2.34564,838877758,0.794928,1.01963,-0.798841,0.801816,1.02757,-0.778947,0.818151,1.01288,-0.778947,0.811121,1.00506,-0.798841,0.927255,1.17196,-0.909329,0.935189,1.18111,-0.886414,0.954122,1.16409,-0.886414,0.946025,1.15508,-0.909329
-0.00442821,-0.576157,0.917329,55.0172,838877759,0.776326,1.03224,-0.798841,0.783079,1.0403,-0.778947,0.799917,1.02619,-0.778947,0.793018,1.01826,-0.798841,0.905908,1.18688,-0.909329,0.913686,1.19616,-0.886414,0.933202,1.17981,-0.886414,0.925256,1.17067,-0.909329
0.113294,-0.575687,0.9345,4.14781,838877760,0.759308,1.0465,-0.798841,0.765914,1.05469,-0.778947,0.782753,1.04058,-0.778947,0.776,1.03252,-0.798841,0.886234,1.20337,-0.909329,0.893843,1.21279,-0.886414,0.913359,1.19644,-0.886414,0.905581,1.18715,-0.909329
-0.0593657,-0.576133,0.951844,-2.82886,838877761,0.740277,1.05846,-0.798841,0.746744,1.06675,-0.778947,0.764065,1.05324,-0.778947,0.757447,1.04507,-0.798841,0.864379,1.21753,-0.909329,0.871828,1.22708,-0.886414,0.891903,1.21142,-0.886414,0.884281,1.202,-0.909329
0.0852882,-0.575667,0.969015,-2.4017,838877762,0.722771,1.07212,-0.798841,0.729087,1.08053,-0.778947,0.746408,1.06701,-0.778947,0.739941,1.05873,-0.798841,0.84414,1.23332,-0.909329,0.851416,1.243,-0.886414,0.871492,1.22734,-0.886414,0.864043,1.21779,-0.909329
0.00159918,-0.57611,1.0899,-3.03826,838877769,0.587597,1.1503,-0.798841,0.592847,1.15941,-0.778947,0.611881,1.14844,-0.778947,0.606466,1.13942,-0.798841,0.688335,1.3251,-0.909329,0.694381,1.33559,-0.886415,0.716443,1.32288,-0.886414,0.710206,1.3125,-0.909329
0.0691105,-0.575659,1.10707,-3.37194,838877770,0.568359,1.16138,-0.798841,0.573444,1.17059,-0.778947,0.592478,1.15962,-0.778947,0.587228,1.15051,-0.798841,0.666095,1.33792,-0.909329,0.671951,1.34852,-0.886414,0.694012,1.3358,-0.886414,0.687966,1.32531,-0.909329
0.00805341,-0.576123,1.12441,-2.96937,838877771,0.54754,1.16985,-0.798841,0.552468,1.17914,-0.778947,0.571874,1.16884,-0.778947,0.566777,1.15964,-0.798841,0.642111,1.34807,-0.909329,0.647787,1.35876,-0.886414,0.670279,1.34683,-0.886414,0.664409,1.33624,-0.909329
0.0152351,-0.575675,1.14158,-2.26672,838877772,0.527927,1.18026,-0.798841,0.532686,1.18964,-0.778947,0.552092,1.17934,-0.778947,0.547164,1.17005,-0.798841,0.619437,1.3601,-0.909329,0.624919,1.3709,-0.886415,0.647411,1.35896,-0.886414,0.641735,1.34827,-0.909329
0.0380023,-0.576143,1.15893,-3.07755,838877773,0.506824,1.188,-0.798841,0.511425,1.19745,-0.778947,0.531178,1.18784,-0.778947,0.526406,1.17847,-0.798841,0.595113,1.36941,-0.909329,0.600412,1.3803,-0.886414,0.623308,1.36915,-0.886414,0.61781,1.35836,-0.909329
0.0989444,-0.576157,1.26639,-9.0012,838877779,0.37646,1.23551,-0.798841,0.380049,1.24539,-0.778947,0.400698,1.23789,-0.778947,0.396929,1.22808,-0.798841,0.445338,1.42514,-0.909329,0.449472,1.43652,-0.886414,0.473405,1.42783,-0.886414,0.469064,1.41652,-0.909329
0.000478698,-0.575687,1.28357,-3.64093,838877780,0.35559,1.24309,-0.798841,0.359,1.25304,-0.778947,0.379649,1.24554,-0.778947,0.37606,1.23566,-0.798841,0.421211,1.4339,-0.909329,0.425139,1.44536,-0.886415,0.449072,1.43667,-0.886414,0.444938,1.42529,-0.909329
-0.132616,-0.576133,1.30091,-4.17572,838877781,0.333617,1.24782,-0.798841,0.336859,1.25782,-0.778947,0.357757,1.25105,-0.778947,0.354333,1.2411,-0.798841,0.39583,1.43974,-0.909329,0.399564,1.45126,-0.886414,0.423786,1.44341,-0.886414,0.419842,1.43196,-0.909329
1.59916,-0.575667,1.31808,-8.78386,838877782,0.312495,1.25467,-0.798841,0.315555,1.26473,-0.778947,0.336454,1.25795,-0.778947,0.333212,1.24795,-0.798841,0.371412,1.44766,-0.909329,0.374937,1.45924,-0.886415,0.399159,1.45139,-0.886414,0.395425,1.43987,-0.909329
-0.0274787,-0.576116,1.33542,-4.36245,838877783,0.29037,1.25863,-0.798841,0.293261,1.26873,-0.778947,0.314383,1.26269,-0.778947,0.311308,1.25264,-0.798841,0.345842,1.4526,-0.909329,0.349171,1.46424,-0.886414,0.373653,1.45724,-0.886414,0.370112,1.44566,-0.909329
-0.0208753,-0.575653,1.35259,-4.00649,838877784,0.269022,1.26473,-0.798841,0.271729,1.27489,-0.778947,0.292851,1.26885,-0.778947,0.28996,1.25874,-0.798841,0.321162,1.45966,-0.909329,0.324281,1.47136,-0.886414,0.348762,1.46436,-0.886414,0.345432,1.45272,-0.909329
0.130011,-0.575659,1.45614,0.541524,838877790,0.136867,1.28573,-0.798841,0.138496,1.29612,-0.778947,0.160134,1.29232,-0.778947,0.158317,1.28197,-0.798841,0.16833,1.48505,-0.909329,0.170207,1.49701,-0.886414,0.195286,1.49261,-0.886414,0.193193,1.48068,-0.909329
0.222402,-0.576133,2.69717,40.7524,838877861,-1.17093,0.54523,-0.798841,-1.18022,0.55016,-0.778947,-1.16992,0.569564,-0.778947,-1.16072,0.564466,-0.798841,-1.34913,0.639824,-0.909329,-1.35983,0.645502,-0.886415,-1.34789,0.667993,-0.886414,-1.3373,0.662121,-0.909329
0.112265,-0.593217,0.740828,43.1102,838878261,0.945585,0.879955,-0.824932,0.953859,0.886909,-0.805196,0.967993,0.870091,-0.805196,0.959597,0.863284,-0.824932,1.09876,1.00869,-0.938397,1.10829,1.0167,-0.915665,1.12468,0.997211,-0.915665,1.115,0.98937,-0.938397
0.123536,-0.592755,0.757997,7.68945,838878262,0.9313,0.896953,-0.824932,0.93945,0.904053,-0.805196,0.953585,0.887235,-0.805196,0.945311,0.880281,-0.824932,1.08225,1.02834,-0.938397,1.09164,1.03652,-0.915665,1.10802,1.01703,-0.915665,1.09849,1.00902,-0.938397
0.00851181,-0.592797,0.827028,-1.54263,838878266,0.867141,0.958969,-0.824932,0.874776,0.96662,-0.805196,0.89005,0.95083,-0.805196,0.882282,0.943316,-0.824932,1.00855,1.10058,-0.938397,1.01734,1.10939,-0.915665,1.03505,1.09109,-0.915665,1.0261,1.08243,-0.938397
0.0389323,-0.59328,0.844373,-2.5501,838878267,0.849462,0.972848,-0.824932,0.856962,0.980629,-0.805196,0.872779,0.965382,-0.805196,0.86514,0.957734,-0.824932,0.988333,1.1169,-0.938397,0.996972,1.12587,-0.915665,1.0153,1.10819,-0.915665,1.00651,1.09939,-0.938397
1.73175,-0.59283,0.861545,-0.147323,838878268,0.833476,0.988258,-0.824932,0.840839,0.996172,-0.805196,0.856656,0.980925,-0.805196,0.849155,0.973144,-0.824932,0.969853,1.13472,-0.938397,0.978334,1.14383,-0.915665,0.996665,1.12616,-0.915665,0.988026,1.1172,-0.938397
0.0956757,-0.593298,0.882806,-18.7925,838878269,0.811438,1.00478,-0.824932,0.818664,1.01282,-0.805196,0.835,0.998127,-0.805196,0.827631,0.990218,-0.824932,0.945232,1.15356,-0.938397,0.953555,1.16282,-0.915665,0.972489,1.14579,-0.915665,0.964002,1.13668,-0.938397
-0.075719,-0.592813,0.899976,-2.59053,838878270,0.794928,1.01963,-0.824932,0.802012,1.02779,-0.805196,0.818348,1.0131,-0.805196,0.811121,1.00506,-0.824932,0.926145,1.17073,-0.938397,0.934305,1.18013,-0.915665,0.953239,1.1631,-0.915665,0.944915,1.15385,-0.938397
0,-0.59324,0.95184,0,838878273,0.740277,1.05846,-0.824932,0.746925,1.06698,-0.805196,0.764245,1.05347,-0.805196,0.757447,1.04507,-0.824932,0.863358,1.21622,-0.938397,0.871015,1.22604,-0.915665,0.891091,1.21038,-0.915665,0.88326,1.2007,-0.938397
0.160341,-0.592744,1.03804,-10.8376,838878278,0.647125,1.11945,-0.824932,0.653003,1.12852,-0.805196,0.671225,1.11625,-0.805196,0.665188,1.10729,-0.824932,0.756019,1.28735,-0.938397,0.762789,1.2978,-0.915665,0.78391,1.28358,-0.915665,0.776956,1.27325,-0.938397
0.0723658,-0.593217,1.08989,-30.9663,838878281,0.587597,1.1503,-0.824932,0.592994,1.15966,-0.805196,0.612028,1.14869,-0.805196,0.606466,1.13942,-0.824932,0.687506,1.32366,-0.938397,0.693722,1.33445,-0.915665,0.715783,1.32173,-0.915665,0.709377,1.31106,-0.938397
0.129857,-0.592755,1.10706,13.7489,838878282,0.568359,1.16138,-0.824932,0.57359,1.17084,-0.805196,0.592625,1.15987,-0.805196,0.587228,1.15051,-0.824932,0.665267,1.33648,-0.938397,0.671292,1.34737,-0.915665,0.693353,1.33466,-0.915665,0.687137,1.32387,-0.938397
0.0370287,-0.59323,1.12441,-2.22924,838878283,0.54754,1.16985,-0.824932,0.552606,1.1794,-0.805196,0.572012,1.1691,-0.805196,0.566777,1.15964,-0.824932,0.641333,1.3466,-0.938397,0.647168,1.3576,-0.915665,0.66966,1.34566,-0.915665,0.663631,1.33477,-0.938397
-0.0363587,-0.592772,1.14158,-2.49352,838878284,0.527927,1.18026,-0.824932,0.532824,1.1899,-0.805196,0.55223,1.1796,-0.805196,0.547164,1.17005,-0.824932,0.618659,1.35863,-0.938397,0.6243,1.36973,-0.915665,0.646792,1.3578,-0.915665,0.640957,1.3468,-0.938397
0.0955332,-0.593251,1.15892,-20.4482,838878285,0.506824,1.188,-0.824932,0.511553,1.19772,-0.805196,0.531307,1.1881,-0.805196,0.526406,1.17847,-0.824932,0.594387,1.36792,-0.938397,0.599834,1.37911,-0.915665,0.62273,1.36797,-0.915665,0.617084,1.35687,-0.938397
0.108757,-0.592797,1.17609,-15.1917,838878286,0.486859,1.19772,-0.824932,0.491417,1.20752,-0.805196,0.51117,1.1979,-0.805196,0.506441,1.18819,-0.824932,0.571307,1.37915,-0.938397,0.576556,1.39044,-0.915665,0.599451,1.37929,-0.915665,0.594004,1.3681,-0.938397
0.0013323,-0.592784,1.28356,-2.78587,838878292,0.35559,1.24309,-0.824932,0.3591,1.25331,-0.805196,0.379749,1.24581,-0.805196,0.37606,1.23566,-0.824932,0.420645,1.43235,-0.938397,0.424688,1.44412,-0.915665,0.448621,1.43543,-0.915665,0.444371,1.42373,-0.938397
0.00241337,-0.59324,1.30091,-3.02029,838878293,0.333617,1.24782,-0.824932,0.336949,1.2581,-0.805196,0.357848,1.25133,-0.805196,0.354333,1.2411,-0.824932,0.395318,1.43816,-0.938397,0.399157,1.45,-0.915665,0.423378,1.44215,-0.915665,0.419331,1.43038,-0.938397
-0.00761214,-0.592763,1.31807,-3.96312,838878294,0.312495,1.25467,-0.824932,0.315646,1.26501,-0.805196,0.336544,1.25823,-0.805196,0.333212,1.24795,-0.824932,0.3709,1.44608,-0.938397,0.374529,1.45799,-0.915665,0.398751,1.45014,-0.915665,0.394913,1.43829,-0.938397
0.0349631,-0.593222,1.33542,-3.91806,838878295,0.29037,1.25863,-0.824932,0.293341,1.26902,-0.805196,0.314463,1.26298,-0.805196,0.311308,1.25264,-0.824932,0.345386,1.45101,-0.938397,0.348808,1.46297,-0.915665,0.37329,1.45597,-0.915665,0.369655,1.44407,-0.938397
0.00649478,-0.59275,1.35259,-3.78928,838878296,0.269022,1.26473,-0.824932,0.27181,1.27517,-0.805196,0.292932,1.26913,-0.805196,0.28996,1.25874,-0.824932,0.320706,1.45806,-0.938397,0.323917,1.47009,-0.915665,0.348399,1.46309,-0.915665,0.344976,1.45112,-0.938397
0.130275,-0.609852,0.792505,12.5395,838878776,0.899762,0.928521,-0.851239,0.907876,0.936096,-0.831665,0.922589,0.919782,-0.831665,0.914347,0.912349,-0.851239,1.04477,1.06396,-0.967656,1.05411,1.07269,-0.945111,1.07116,1.05378,-0.945111,1.06167,1.04522,-0.967656
0.023406,-0.609878,0.827021,-3.85319,838878778,0.867141,0.958969,-0.851239,0.874985,0.966822,-0.831665,0.890259,0.951032,-0.831665,0.882282,0.943316,-0.851239,1.00733,1.09939,-0.967656,1.01636,1.10844,-0.945111,1.03406,1.09014,-0.945111,1.02488,1.08125,-0.967656
0.030767,-0.610372,0.844368,-3.80844,838878779,0.849462,0.972848,-0.851239,0.857164,0.980839,-0.831665,0.872981,0.965592,-0.831665,0.86514,0.957734,-0.851239,0.987151,1.11568,-0.967656,0.996023,1.12488,-0.945111,1.01435,1.10721,-0.945111,1.00532,1.09816,-0.967656
0.0926289,-0.609911,0.861539,-3.58313,838878780,0.833476,0.988258,-0.851239,0.841041,0.996381,-0.831665,0.856858,0.981134,-0.831665,0.849155,0.973144,-0.851239,0.968671,1.13349,-0.967656,0.977384,1.14285,-0.945111,0.995716,1.12518,-0.945111,0.986844,1.11597,-0.967656
-0.00947072,-0.61039,0.882801,-3.90452,838878781,0.811438,1.00478,-0.851239,0.818859,1.01303,-0.831665,0.835194,0.998343,-0.831665,0.827631,0.990218,-0.851239,0.944093,1.1523,-0.967656,0.952641,1.1618,-0.945111,0.971574,1.14478,-0.945111,0.962863,1.13542,-0.967656
0.00681881,-0.609894,0.899969,-3.88003,838878782,0.794928,1.01963,-0.851239,0.802207,1.02801,-0.831665,0.818542,1.01332,-0.831665,0.811121,1.00506,-0.851239,0.925007,1.16946,-0.967656,0.933391,1.17911,-0.945111,0.952324,1.16209,-0.945111,0.943776,1.15258,-0.967656
0.0581263,-0.610307,1.08989,-4.07163,838878793,0.587597,1.1503,-0.851239,0.593139,1.15991,-0.831665,0.612173,1.14894,-0.831665,0.606466,1.13942,-0.851239,0.686656,1.32219,-0.967656,0.693039,1.33326,-0.945111,0.715101,1.32055,-0.945111,0.708527,1.30958,-0.967656
0.66501,-0.609835,1.10706,0.252301,838878794,0.568359,1.16138,-0.851239,0.573736,1.17109,-0.831665,0.59277,1.16013,-0.831665,0.587228,1.15051,-0.851239,0.664416,1.335,-0.967656,0.670609,1.34619,-0.945111,0.69267,1.33348,-0.945111,0.686287,1.3224,-0.967656
0.768655,-0.610321,1.1244,-0.0274696,838878795,0.54754,1.16985,-0.851239,0.552742,1.17966,-0.831665,0.572148,1.16936,-0.831665,0.566777,1.15964,-0.851239,0.640535,1.3451,-0.967656,0.646527,1.35639,-0.945111,0.669019,1.34445,-0.945111,0.662833,1.33327,-0.967656
0.0837281,-0.609852,1.14157,-33.4716,838878796,0.527927,1.18026,-0.851239,0.53296,1.19015,-0.831665,0.552366,1.17986,-0.831665,0.547164,1.17005,-0.851239,0.617861,1.35713,-0.967656,0.623659,1.36853,-0.945111,0.646151,1.35659,-0.945111,0.640159,1.3453,-0.967656
-0.0595843,-0.610342,1.15892,-3.53812,838878797,0.506824,1.188,-0.851239,0.511681,1.19798,-0.831665,0.531434,1.18836,-0.831665,0.526406,1.17847,-0.851239,0.593642,1.36638,-0.967656,0.599236,1.37788,-0.945111,0.622131,1.36674,-0.945111,0.616339,1.35534,-0.967656
0.0107239,-0.609865,1.28355,-4.20643,838878804,0.35559,1.24309,-0.851239,0.3592,1.25359,-0.831665,0.379849,1.24609,-0.831665,0.37606,1.23566,-0.851239,0.420064,1.43074,-0.967656,0.424221,1.44284,-0.945111,0.448154,1.43414,-0.945111,0.44379,1.42213,-0.967656
0.0873197,-0.610331,1.3009,-24.3852,838878805,0.333617,1.24782,-0.851239,0.337039,1.25838,-0.831665,0.357937,1.2516,-0.831665,0.354333,1.2411,-0.851239,0.394793,1.43654,-0.967656,0.398735,1.4487,-0.945111,0.422957,1.44085,-0.945111,0.418806,1.42876,-0.967656
-0.0842071,-0.609843,1.31807,-4.4356,838878806,0.312495,1.25467,-0.851239,0.315736,1.26528,-0.831665,0.336634,1.25851,-0.831665,0.333212,1.24795,-0.851239,0.370375,1.44446,-0.967656,0.374108,1.45669,-0.945111,0.39833,1.44883,-0.945111,0.394388,1.43667,-0.967656
-0.00922236,-0.610313,1.33541,-4.88975,838878807,0.29037,1.25862,-0.851239,0.293421,1.2693,-0.831665,0.314544,1.26326,-0.831665,0.311308,1.25264,-0.851239,0.344917,1.44937,-0.967656,0.348432,1.46166,-0.945111,0.372914,1.45466,-0.945111,0.369187,1.44243,-0.967656
-0.036871,-0.609829,1.35258,-4.18036,838878808,0.269022,1.26473,-0.851239,0.27189,1.27545,-0.831665,0.293012,1.26941,-0.831665,0.28996,1.25874,-0.851239,0.320238,1.45643,-0.967656,0.323541,1.46878,-0.945111,0.348023,1.46178,-0.945111,0.344508,1.44949,-0.967656
0.00901964,-0.626997,0.827019,-3.73122,838879290,0.86714,0.958969,-0.877931,0.87522,0.967087,-0.858414,0.890512,0.951278,-0.858414,0.882281,0.943317,-0.877931,1.00623,1.09813,-0.997136,1.01548,1.10741,-0.974811,1.03309,1.0892,-0.974811,1.02368,1.08009,-0.997136
0.0246931,-0.627502,0.844357,-3.44158,838879291,0.849462,0.972848,-0.877931,0.85741,0.981092,-0.858414,0.873244,0.965827,-0.858414,0.865141,0.957733,-0.877931,0.985995,1.11448,-0.997136,0.995087,1.12391,-0.974811,1.01333,1.10632,-0.974811,1.00406,1.09706,-0.997136
0.0414897,-0.627031,0.861537,-3.76754,838879292,0.833475,0.988259,-0.877931,0.841267,0.996654,-0.858414,0.857102,0.981389,-0.858414,0.849154,0.973145,-0.877931,0.967623,1.13219,-0.997136,0.976537,1.14179,-0.974811,0.994779,1.12421,-0.974811,0.985687,1.11478,-0.997136
0.0554363,-0.627521,0.88279,-3.67225,838879293,0.811439,1.00478,-0.877931,0.819096,1.01329,-0.858414,0.83545,0.998588,-0.858414,0.827632,0.990218,-0.877931,0.94298,1.15106,-0.997136,0.951739,1.1608,-0.974811,0.97058,1.14386,-0.974812,0.961637,1.13428,-0.997136
-0.0011783,-0.627014,0.899966,-3.2531,838879294,0.794927,1.01963,-0.877931,0.802423,1.02829,-0.858414,0.818777,1.01358,-0.858414,0.81112,1.00507,-0.877931,0.924005,1.16812,-0.997136,0.93258,1.17803,-0.974811,0.951421,1.16108,-0.974811,0.942662,1.15134,-0.997136
-0.0354122,-0.644622,0.809836,97.4814,838879801,0.882579,0.943009,-0.904837,0.891007,0.951162,-0.885485,0.906299,0.935354,-0.885484,0.89772,0.927356,-0.904837,1.02275,1.0786,-1.02681,1.03239,1.08793,-1.00467,1.05001,1.06972,-1.00467,1.0402,1.06057,-1.02681
0.226899,-0.644172,1.2106,-12.0188,838879824,0.445206,1.21373,-0.904837,0.449768,1.22453,-0.885485,0.469869,1.2156,-0.885484,0.465109,1.20488,-0.904837,0.521346,1.3933,-1.02681,0.526565,1.40566,-1.00467,0.549721,1.39537,-1.00467,0.544276,1.38311,-1.02681
0.107096,-0.661276,0.899953,0.131787,838880318,0.794927,1.01963,-0.931978,0.802789,1.02869,-0.912793,0.819143,1.01399,-0.912793,0.81112,1.00507,-0.931978,0.921702,1.16556,-1.05669,0.930695,1.17593,-1.03475,0.949536,1.15899,-1.03475,0.940359,1.14878,-1.05669
0.384117,-0.661767,1.26636,-11.0815,838880339,0.376461,1.23551,-0.931978,0.380557,1.24679,-0.912793,0.40123,1.23928,-0.912793,0.39693,1.22808,-0.931978,0.442446,1.41718,-1.05669,0.447132,1.43008,-1.03475,0.470947,1.42143,-1.03475,0.46603,1.40861,-1.05669
0.215629,-0.678819,0.706285,2.25132,838880819,0.9754,0.846815,-0.959363,0.985061,0.854375,-0.940349,0.998615,0.837054,-0.940349,0.988821,0.829664,-0.959363,1.12621,0.96483,-1.08679,1.13726,0.973478,-1.06504,1.15288,0.953523,-1.06504,1.14168,0.94507,-1.08679
0.11887,-0.678346,0.934464,-37.3007,838880832,0.759307,1.0465,-0.959363,0.76702,1.05605,-0.940349,0.783878,1.04192,-0.940349,0.775999,1.03252,-0.959363,0.879764,1.19541,-1.08679,0.888588,1.20633,-1.06504,0.908008,1.19005,-1.06504,0.898995,1.1793,-1.08679
0.0988121,-0.678322,0.968979,35.4701,838880834,0.72277,1.07212,-0.959363,0.730145,1.08193,-0.940349,0.747486,1.0684,-0.940349,0.73994,1.05873,-0.959363,0.837953,1.22514,-1.08679,0.84639,1.23636,-1.06504,0.866367,1.22077,-1.06504,0.857735,1.20971,-1.08679
0.102994,-0.696012,0.882771,14.0681,838881341,0.811439,1.00478,-0.987001,0.81982,1.0141,-0.968162,0.836174,0.999394,-0.968162,0.827632,0.990218,-0.987001,0.93827,1.14582,-1.11712,0.947858,1.15648,-1.09557,0.966699,1.13954,-1.09557,0.956927,1.12904,-1.11712
0.156332,-0.695431,0.934458,-48.9306,838881344,0.759307,1.0465,-0.987001,0.767192,1.05625,-0.968162,0.78405,1.04213,-0.968162,0.775999,1.03252,-0.987001,0.878596,1.19402,-1.11712,0.887616,1.20517,-1.09557,0.907037,1.18889,-1.09557,0.897827,1.1779,-1.11712
0.129846,-0.713061,0.0426514,39.7027,838881805,1.28998,0.0662721,-1.0151,1.30287,0.0662823,-0.996316,1.30289,0.0442649,-0.996316,1.29,0.0444943,-1.0151,1.4779,0.0664212,-1.14775,1.49254,0.0664327,-1.12642,1.49256,0.0412293,-1.12642,1.47792,0.0414899,-1.14775
0.152137,-0.72971,0.0943383,-6.42075,838882320,1.2861,0.132935,-1.04345,1.29922,0.133643,-1.02484,1.3,0.11164,-1.02484,1.28688,0.111171,-1.04345,1.47199,0.142734,-1.1786,1.48689,0.143539,-1.15747,1.48779,0.118352,-1.15747,1.47288,0.117819,-1.1786
0.152614,-0.72969,0.757955,17.1231,838882358,0.931298,0.896954,-1.04345,0.941199,0.905589,-1.02484,0.955365,0.888734,-1.02484,0.94531,0.880283,-1.04345,1.07176,1.01912,-1.1786,1.083,1.02893,-1.15747,1.09921,1.00963,-1.15747,1.0878,1.00004,-1.1786
0.0988451,-0.747379,0.0426434,16.3729,838882829,1.28998,0.0662721,-1.07207,1.30337,0.0662827,-1.05364,1.30339,0.0442653,-1.05364,1.29,0.0444943,-1.07207,1.47428,0.0664183,-1.20971,1.48948,0.0664303,-1.18878,1.4895,0.0412269,-1.18878,1.4743,0.041487,-1.20971
0.180443,-0.74683,0.0598177,-6.02157,838882830,1.28997,0.08848,-1.07207,1.30335,0.0887302,-1.05364,1.30337,0.0667128,-1.05364,1.28998,0.0667022,-1.07207,1.47426,0.0917797,-1.20971,1.48946,0.0920638,-1.18878,1.48948,0.0668605,-1.18878,1.47428,0.0668484,-1.20971
0.107897,-0.746823,0.305342,36.916,838882844,1.2298,0.399387,-1.07207,1.24272,0.402867,-1.05364,1.24807,0.381507,-1.05364,1.23508,0.37826,-1.07207,1.40783,0.44716,-1.20971,1.4225,0.451112,-1.18878,1.42862,0.426661,-1.18877,1.41387,0.422974,-1.20971
0.140001,-0.746816,0.339856,27.7566,838882846,1.21529,0.441587,-1.07207,1.22809,0.445516,-1.05364,1.23417,0.424356,-1.05364,1.22131,0.420657,-1.07207,1.39154,0.495549,-1.20971,1.40608,0.50001,-1.18877,1.41304,0.475788,-1.18878,1.39843,0.471588,-1.20971
0.146007,-0.74685,1.14153,21.887,838882892,0.527925,1.18026,-1.07207,0.533986,1.1922,-1.05364,0.553435,1.18188,-1.05364,0.547162,1.17005,-1.07207,0.611529,1.34454,-1.20971,0.618413,1.35809,-1.18877,0.640676,1.34628,-1.18877,0.633552,1.33285,-1.20971
0.488257,-0.764508,0.0426394,-3.96276,838883341,1.28998,0.066272,-1.10098,1.30361,0.0662829,-1.08273,1.30363,0.0442655,-1.08273,1.29,0.0444943,-1.10098,1.47242,0.0664168,-1.24107,1.4879,0.0664291,-1.22034,1.48792,0.0412257,-1.22034,1.47244,0.0414855,-1.24107
0.232715,-0.763943,0.305336,-10.5312,838883356,1.2298,0.399387,-1.10098,1.24296,0.402926,-1.08273,1.2483,0.381567,-1.08273,1.23508,0.37826,-1.10098,1.40602,0.446709,-1.24107,1.42097,0.450728,-1.22034,1.42709,0.426278,-1.22034,1.41207,0.422523,-1.24107
0.136763,-0.76395,1.10701,6.98561,838883402,0.568358,1.16138,-1.10098,0.574955,1.17331,-1.08273,0.594031,1.16232,-1.08273,0.587226,1.15051,-1.10098,0.65672,1.32103,-1.24107,0.664212,1.33457,-1.22034,0.686048,1.32199,-1.22034,0.678321,1.30858,-1.24107
0.146536,-0.764524,1.12435,-3.31257,838883403,0.547542,1.16985,-1.10098,0.55393,1.18189,-1.08273,0.573379,1.17157,-1.08273,0.566779,1.15964,-1.10098,0.63306,1.33101,-1.24107,0.640314,1.34468,-1.22034,0.662577,1.33286,-1.22034,0.655082,1.31932,-1.24107
0.129413,-0.78162,0.0426355,-1.31805,838883853,1.28998,0.0662721,-1.13017,1.30386,0.066283,-1.11211,1.30387,0.0442657,-1.11211,1.29,0.0444943,-1.13017,1.47053,0.0664153,-1.2727,1.48628,0.0664277,-1.25218,1.4863,0.0412244,-1.25218,1.47055,0.041484,-1.2727
0.114688,-0.781628,0.986292,19.0483,838883907,0.703335,1.08341,-1.13017,0.711481,1.09464,-1.11211,0.729303,1.08171,-1.11211,0.720963,1.07062,-1.13017,0.809353,1.22955,-1.2727,0.818604,1.2423,-1.25218,0.839004,1.2275,-1.25218,0.829534,1.21491,-1.2727
0.149689,-0.803979,0.882731,-9.35886,838884413,0.81144,1.00478,-1.16882,0.820983,1.01539,-1.15074,0.837371,1.00065,-1.15074,0.827634,0.990216,-1.16882,0.930942,1.13767,-1.31362,0.941699,1.14963,-1.29324,0.960335,1.13287,-1.29324,0.949358,1.12111,-1.31362
0.173646,-0.803938,0.917249,-26.7001,838884415,0.776329,1.03224,-1.16882,0.785495,1.04318,-1.15074,0.802388,1.02902,-1.15074,0.793021,1.01825,-1.16882,0.891116,1.16922,-1.31362,0.901449,1.18155,-1.29324,0.920659,1.16546,-1.29324,0.9101,1.15332,-1.31362
0.317964,-0.803372,-1.89262,47.8804,838884614,-0.398252,-1.23002,-1.16882,-0.403346,-1.24335,-1.15074,-0.423787,-1.23511,-1.15074,-0.418449,-1.22187,-1.16882,-0.462324,-1.39688,-1.31362,-0.468067,-1.41191,-1.29324,-0.49131,-1.40254,-1.29324,-0.485293,-1.38762,-1.31362
0.194415,-0.803321,-0.95288,51.3892,838884668,0.758176,-1.04733,-1.16882,0.76597,-1.05928,-1.15074,0.747289,-1.07098,-1.15074,0.739716,-1.05888,-1.16882,0.85554,-1.19723,-1.31362,0.864327,-1.2107,-1.29324,0.843084,-1.224,-1.29324,0.834547,-1.21037,-1.31362
0.101677,-0.82057,1.24897,-2.99382,838884946,0.398252,1.23002,-1.19895,0.403432,1.24356,-1.18106,0.423872,1.23532,-1.18106,0.418449,1.22187,-1.19895,0.46163,1.39516,-1.34602,0.467469,1.41043,-1.32584,0.490713,1.40106,-1.32584,0.484599,1.3859,-1.34602
0.126968,-0.838258,0.671721,12.2221,838885425,1.00404,0.812653,-1.22941,1.01595,0.821318,-1.21169,1.02891,0.803497,-1.21169,1.01685,0.795044,-1.22941,1.14553,0.91561,-1.3787,1.15895,0.925377,-1.35874,1.17369,0.905112,-1.35874,1.1601,0.895584,-1.3787
0.273649,-0.838344,-1.94823,47.3793,838885635,-0.465502,-1.20471,-1.22941,-0.47148,-1.21817,-1.21169,-0.491622,-1.20922,-1.21169,-0.485405,-1.19587,-1.22941,-0.536534,-1.36463,-1.3787,-0.543273,-1.3798,-1.35874,-0.566177,-1.36962,-1.35874,-0.559168,-1.35457,-1.3787
0.104743,-0.855531,0.533654,39.0632,838885929,1.10616,0.666654,-1.26018,1.11935,0.673681,-1.24266,1.12971,0.654227,-1.24266,1.11639,0.647431,-1.26018,1.25892,0.748002,-1.41169,1.27379,0.755923,-1.39194,1.28557,0.733802,-1.39194,1.27056,0.726142,-1.41169
0.119707,-0.854862,0.585346,4.8478,838885932,1.07144,0.723697,-1.26018,1.08425,0.731407,-1.24266,1.09528,0.712327,-1.24266,1.08234,0.704844,-1.26018,1.21977,0.812919,-1.41169,1.23421,0.82161,-1.39194,1.24676,0.799914,-1.39194,1.23217,0.791478,-1.41169
0.135386,-0.854834,0.619862,5.26287,838885934,1.04587,0.760265,-1.26018,1.0584,0.768419,-1.24266,1.07009,0.749735,-1.24266,1.05742,0.741804,-1.26018,1.19099,0.854613,-1.41169,1.20512,0.863804,-1.39194,1.21841,0.842559,-1.39194,1.20413,0.833618,-1.41169
0.170355,-0.85542,0.671717,3.88831,838885937,1.00404,0.812653,-1.26018,1.01613,0.82145,-1.24266,1.0291,0.803629,-1.24266,1.01685,0.795044,-1.26018,1.14398,0.914485,-1.41169,1.15761,0.924401,-1.39194,1.17235,0.904136,-1.39194,1.15855,0.894459,-1.41169
0.148343,-0.872016,0.826946,-5.05623,838886458,0.867138,0.958971,-1.2913,0.877861,0.969708,-1.27397,0.893184,0.953867,-1.27397,0.88228,0.943318,-1.2913,0.988061,1.0801,-1.445,1.00015,1.0922,-1.42546,1.01757,1.07419,-1.42546,1.00528,1.0623,-1.445
0.133077,-0.889804,-0.129973,-7.35348,838886915,1.28211,-0.156201,-1.32289,1.29731,-0.158871,-1.30571,1.2935,-0.180597,-1.30571,1.27834,-0.17765,-1.32289,1.44884,-0.185486,-1.47862,1.46585,-0.188474,-1.45939,1.46154,-0.213015,-1.45939,1.44459,-0.209717,-1.47862
0.197925,-0.889146,0.0942962,-24.7577,838886928,1.2861,0.132937,-1.32289,1.30151,0.133769,-1.30571,1.3023,0.111724,-1.30571,1.28688,0.111173,-1.32289,1.45518,0.141806,-1.47862,1.47242,0.142737,-1.45939,1.47331,0.117837,-1.45939,1.45605,0.11722,-1.47862
0.59971,-0.88974,0.740732,47.6181,838886965,0.945588,0.879952,-1.32289,0.957403,0.889882,-1.30571,0.971595,0.872995,-1.30571,0.9596,0.86328,-1.32289,1.07518,0.988869,-1.47862,1.0884,0.999981,-1.45939,1.10443,0.980907,-1.45939,1.09101,0.970036,-1.47862
0.265431,-0.9069,-0.0609445,3.76021,838887431,1.28993,-0.0674049,-1.3548,1.30548,-0.0690282,-1.3378,1.30319,-0.0909678,-1.3378,1.28766,-0.089065,-1.3548,1.45644,-0.0847858,-1.51253,1.47384,-0.0866023,-1.4935,1.47126,-0.111384,-1.4935,1.45388,-0.109255,-1.51253
0.206731,-0.906261,-0.0437668,8.592,838887432,1.29223,-0.0453125,-1.3548,1.30781,-0.0466565,-1.3378,1.30552,-0.068596,-1.3378,1.28997,-0.0669726,-1.3548,1.45904,-0.0598846,-1.51253,1.47647,-0.0613886,-1.4935,1.47389,-0.0861701,-1.4935,1.45648,-0.0843535,-1.51253
0.269724,-0.906957,-1.52624,45.3665,838887707,0.0688084,-1.28976,-1.3548,0.0688189,-1.30539,-1.3378,0.0467602,-1.30541,-1.3378,0.0470306,-1.28977,-1.3548,0.0689193,-1.45717,-1.51253,0.068931,-1.47467,-1.4935,0.0440149,-1.47469,-1.4935,0.0443175,-1.45719,-1.51253
0.218489,-0.906892,-0.655534,42.7726,838887757,1.03078,-0.778421,-1.3548,1.04277,-0.788462,-1.3378,1.0286,-0.805371,-1.3378,1.0168,-0.795114,-1.3548,1.15912,-0.885933,-1.51253,1.17253,-0.89717,-1.4935,1.15653,-0.916269,-1.4935,1.14332,-0.904791,-1.51253
0.38582,-0.924029,-0.0609479,9.01369,838887943,1.28993,-0.0674049,-1.38705,1.30568,-0.0690492,-1.37024,1.30339,-0.0909887,-1.37024,1.28766,-0.089065,-1.38705,1.45456,-0.0845894,-1.54677,1.47218,-0.0864294,-1.52795,1.4696,-0.111211,-1.52795,1.452,-0.109058,-1.54677
0.126481,-0.923383,-0.0437715,-2.74756,838887944,1.29223,-0.0453125,-1.38705,1.30801,-0.0466774,-1.37024,1.30572,-0.0686169,-1.37024,1.28997,-0.0669726,-1.38705,1.45716,-0.0596882,-1.54677,1.47482,-0.0612156,-1.52795,1.47223,-0.0859971,-1.52795,1.4546,-0.0841571,-1.54677
0.237726,-0.924039,0.426175,45.8591,838887971,1.17141,0.544204,-1.38705,1.18609,0.550149,-1.37024,1.19437,0.529703,-1.37024,1.17958,0.524018,-1.38705,1.32483,0.606336,-1.54677,1.34126,0.612989,-1.52795,1.35061,0.589895,-1.52795,1.33407,0.583534,-1.54677
0.141998,-0.924013,2.10248,-2.21948,838888067,-0.664571,1.10763,-1.38705,-0.672017,1.12161,-1.37024,-0.652549,1.13198,-1.37024,-0.64535,1.11787,-1.38705,-0.742393,1.25372,-1.54677,-0.750725,1.26936,-1.52795,-0.728735,1.28108,-1.52795,-0.720679,1.26529,-1.54677
0.188989,-0.940503,-0.0782911,-5.94754,838888454,1.28987,-0.0898727,-1.41968,1.30579,-0.0918157,-1.40306,1.30274,-0.113662,-1.40306,1.28685,-0.111441,-1.41968,1.4523,-0.109735,-1.58135,1.47011,-0.111909,-1.56275,1.46666,-0.136585,-1.56275,1.44889,-0.134099,-1.58135
0.194311,-0.941138,-0.0609512,3.16001,838888455,1.28993,-0.0674048,-1.41968,1.30588,-0.0690699,-1.40306,1.30359,-0.0910094,-1.40306,1.28766,-0.089065,-1.41968,1.45265,-0.0843905,-1.58135,1.4705,-0.0862537,-1.56275,1.46791,-0.111035,-1.56275,1.4501,-0.108859,-1.58135
0.193329,-0.940492,0.408833,33.1613,838888482,1.18191,0.524341,-1.41968,1.19688,0.530102,-1.40306,1.20444,0.509379,-1.40306,1.18937,0.503882,-1.41968,1.33464,0.583074,-1.58135,1.35139,0.589521,-1.56275,1.35993,0.566114,-1.56275,1.34307,0.559962,-1.58135
0.242295,-0.941148,0.426171,35.0539,838888483,1.17141,0.544204,-1.41968,1.18627,0.550224,-1.40306,1.19455,0.529778,-1.40306,1.17958,0.524018,-1.41968,1.32306,0.605618,-1.58135,1.33969,0.612354,-1.56275,1.34904,0.58926,-1.56275,1.33229,0.582815,-1.58135
0.101357,-0.958229,-0.0609544,8.70039,838888967,1.28993,-0.0674049,-1.45268,1.30607,-0.0690903,-1.43625,1.30378,-0.0910298,-1.43625,1.28766,-0.089065,-1.45268,1.45072,-0.0841893,-1.6163,1.46879,-0.0860753,-1.59791,1.46621,-0.110857,-1.59791,1.44817,-0.108658,-1.6163
0.198691,-0.958239,0.426168,46.3841,838888995,1.17141,0.544204,-1.45268,1.18646,0.550298,-1.43625,1.19474,0.529852,-1.43625,1.17958,0.524018,-1.45268,1.32126,0.60489,-1.6163,1.3381,0.611709,-1.59791,1.34745,0.588615,-1.59791,1.33049,0.582087,-1.6163
0.105404,-0.974703,0.408826,29.9433,838889506,1.18191,0.524342,-1.48631,1.19734,0.53029,-1.46997,1.20491,0.509551,-1.46997,1.18937,0.503883,-1.48631,1.33115,0.581627,-1.65172,1.34829,0.588234,-1.63357,1.35678,0.564964,-1.63357,1.33953,0.558669,-1.65172
0.146313,-0.974809,0.861443,-14.9146,838889532,0.833472,0.988262,-1.48631,0.844733,1.00037,-1.46997,0.860626,0.985051,-1.46997,0.849151,0.973148,-1.48631,0.942487,1.10518,-1.65172,0.954995,1.11863,-1.63357,0.972828,1.10144,-1.63357,0.960081,1.08822,-1.65172
0.175542,-0.974786,1.24893,-13.2062,838889554,0.39825,1.23002,-1.48631,0.404157,1.24547,-1.46997,0.424631,1.23721,-1.46997,0.418447,1.22187,-1.48631,0.455563,1.37925,-1.65172,0.462125,1.39641,-1.63357,0.485097,1.38714,-1.63357,0.478228,1.37011,-1.65172
0.386041,-0.974728,-1.30199,47.6301,838889768,0.354247,-1.24348,-1.48631,0.35799,-1.25958,-1.46997,0.3364,-1.26419,-1.46997,0.332949,-1.24802,-1.48631,0.390209,-1.39923,-1.65172,0.394366,-1.41713,-1.63357,0.370142,-1.4223,-1.63357,0.366309,-1.40434,-1.65172
0.135947,-0.992627,-0.164517,-32.5808,838889985,1.27588,-0.200341,-1.52031,1.29224,-0.203806,-1.50416,1.28766,-0.225403,-1.50416,1.27137,-0.221646,-1.52031,1.43043,-0.233088,-1.68749,1.44859,-0.236937,-1.66955,1.44346,-0.261169,-1.66955,1.42536,-0.256996,-1.68749
0.25367,-0.991897,-0.112819,5.52543,838889988,1.28595,-0.134322,-1.52031,1.30247,-0.13692,-1.50416,1.29865,-0.158663,-1.50416,1.28219,-0.155772,-1.52031,1.44201,-0.159032,-1.68749,1.46036,-0.161917,-1.66955,1.45607,-0.186313,-1.66955,1.43778,-0.183101,-1.68749
0.160777,-0.991915,0.477854,22.0878,838890022,1.14283,0.604561,-1.52031,1.15797,0.611646,-1.50416,1.16697,0.591486,-1.50416,1.1517,0.584674,-1.52031,1.28601,0.671368,-1.68749,1.30283,0.679237,-1.66955,1.31293,0.656618,-1.66955,1.29597,0.649051,-1.68749
0.272125,-0.992561,2.206,40.6779,838890121,-0.775421,1.03292,-1.52031,-0.78478,1.04677,-1.50416,-0.766488,1.05914,-1.50416,-0.757376,1.04512,-1.52031,-0.863871,1.16382,-1.68749,-0.874268,1.1792,-1.66955,-0.853744,1.19307,-1.66955,-0.843623,1.1775,-1.68749
0.18078,-1.00902,0.934374,11.0859,838890560,0.759304,1.04651,-1.55471,0.769926,1.05965,-1.53874,0.786847,1.04547,-1.53874,0.775995,1.03252,-1.55471,0.857525,1.16786,-1.72364,0.869325,1.18246,-1.70591,0.88831,1.16655,-1.70591,0.876256,1.15217,-1.72364
0.20642,-1.00968,0.951713,17.4685,838890561,0.740281,1.05846,-1.55471,0.750674,1.07178,-1.53874,0.768079,1.0582,-1.53874,0.757451,1.04506,-1.55471,0.836302,1.18154,-1.72364,0.847846,1.19633,-1.70591,0.867375,1.1811,-1.70591,0.85557,1.1665,-1.72364
0.113418,-1.00964,-2.12085,39.8164,838890745,-0.665546,-1.10704,-1.55471,-0.674983,-1.12106,-1.53874,-0.693295,-1.10873,-1.53874,-0.68361,-1.09488,-1.55471,-0.752741,-1.23652,-1.72364,-0.763224,-1.25209,-1.70591,-0.783769,-1.23825,-1.70591,-0.773011,-1.22287,-1.72364
0.152359,-1.02675,0.322608,-16.4038,838891037,1.22143,0.420241,-1.58952,1.23784,0.424959,-1.57374,1.24394,0.403742,-1.57374,1.22745,0.399311,-1.58952,1.36963,0.462855,-1.76019,1.38786,0.468096,-1.74266,1.3947,0.444291,-1.74266,1.37639,0.439369,-1.76019
0.148468,-1.04322,-0.112831,8.14864,838891524,1.28595,-0.134322,-1.62476,1.30299,-0.137012,-1.60917,1.29917,-0.158755,-1.60917,1.28219,-0.155772,-1.62476,1.43641,-0.158048,-1.79714,1.45534,-0.161035,-1.77982,1.45105,-0.185432,-1.77982,1.43218,-0.182117,-1.79714
0.478037,-1.04319,0.270751,49.0543,838891546,1.24282,0.35671,-1.62476,1.25963,0.360599,-1.60917,1.26423,0.339009,-1.60917,1.24736,0.335411,-1.62476,1.39121,0.391077,-1.79714,1.40987,0.395398,-1.77982,1.41504,0.371173,-1.77982,1.3963,0.367177,-1.79714
0.199645,-1.04392,-2.57347,24.3553,838891743,-1.08256,-0.704467,-1.62476,-1.09749,-0.713101,-1.60917,-1.10854,-0.69399,-1.60917,-1.09346,-0.685615,-1.62476,-1.2144,-0.7807,-1.79714,-1.23098,-0.79029,-1.77982,-1.24338,-0.768847,-1.77982,-1.22663,-0.759544,-1.79714
0.140213,-1.06107,0.219049,-24.496,838892055,1.25821,0.291725,-1.66072,1.2755,0.294784,-1.64521,1.27935,0.27303,-1.64521,1.26201,0.27028,-1.66072,1.4064,0.317954,-1.83468,1.42545,0.321328,-1.81758,1.42975,0.29708,-1.81758,1.41063,0.294048,-1.83468
0.145553,-1.06099,0.322596,-30.8884,838892061,1.22143,0.42024,-1.66072,1.2383,0.42509,-1.64521,1.24441,0.403858,-1.64521,1.22745,0.39931,-1.66072,1.36606,0.461826,-1.83468,1.38466,0.467175,-1.81758,1.39146,0.443509,-1.81758,1.37277,0.438493,-1.83468
0.173244,-1.09533,0.288076,-13.0373,838893083,1.23519,0.377839,-1.73393,1.25253,0.382175,-1.71879,1.25789,0.360742,-1.71879,1.24047,0.356711,-1.73393,1.37763,0.41346,-1.91098,1.39674,0.418242,-1.89429,1.40272,0.394352,-1.89429,1.38352,0.389908,-1.91098
0.112247,-1.09532,0.357105,-77.4251,838893087,1.20621,0.462134,-1.73393,1.2232,0.46767,-1.71879,1.23004,0.446664,-1.71879,1.21295,0.441428,-1.73393,1.34581,0.507613,-1.91098,1.36455,0.513717,-1.89429,1.37218,0.490303,-1.89429,1.35333,0.484529,-1.91098
0.0977872,-1.09536,0.602626,-2.05706,838893101,1.05765,0.741435,-1.73393,1.0728,0.750916,-1.71879,1.08452,0.732189,-1.71879,1.06921,0.722974,-1.73393,1.18211,0.819326,-1.91098,1.19882,0.829781,-1.89429,1.21188,0.808907,-1.89429,1.19499,0.798746,-1.91098
0.1134,-1.11177,0.619802,14.2084,838893614,1.04587,0.760268,-1.77121,1.06098,0.770099,-1.75626,1.0727,0.751372,-1.75626,1.05742,0.741807,-1.77121,1.16743,0.839294,-1.94979,1.1841,0.850136,-1.9333,1.19716,0.829261,-1.9333,1.18031,0.818714,-1.94979
0.548365,-1.11246,0.637139,0.96393,838893615,1.03147,0.777511,-1.77121,1.04641,0.787604,-1.75626,1.05878,0.769297,-1.75626,1.04366,0.759465,-1.77121,1.1516,0.858663,-1.94979,1.16807,0.869793,-1.9333,1.18186,0.849387,-1.9333,1.16519,0.838546,-1.94979
0.330259,-1.12887,2.36513,49.5198,838894226,-0.93033,0.897958,-1.80898,-0.942741,0.911252,-1.79421,-0.926333,0.926046,-1.79421,-0.914156,0.912541,-1.80898,-1.02801,1.00256,-1.98905,-1.0417,1.01722,-1.97277,-1.02341,1.03371,-1.97277,-1.00998,1.01882,-1.98905
0.153657,-1.15196,0.637127,18.0156,838894639,1.03147,0.77751,-1.8594,1.04682,0.78788,-1.84468,1.0592,0.76956,-1.84468,1.04366,0.759464,-1.8594,1.14859,0.85663,-2.04086,1.1654,0.867985,-2.02474,1.1791,0.847697,-2.02474,1.16209,0.836642,-2.04086
0.103729,-1.16841,-0.0783403,-19.7137,838895110,1.28987,-0.0898695,-1.89852,1.3084,-0.0921273,-1.88398,1.30534,-0.114023,-1.88398,1.28685,-0.111437,-1.89852,1.42842,-0.106877,-2.08135,1.44871,-0.109349,-2.06543,1.44532,-0.133597,-2.06543,1.42508,-0.130766,-2.08135
0.167368,-1.16913,-2.01734,42.3937,838895359,-0.547547,-1.16985,-1.89852,-0.556297,-1.18634,-1.88398,-0.575826,-1.17598,-1.88398,-0.566784,-1.15964,-1.89852,-0.612968,-1.29313,-2.08135,-0.622549,-1.31119,-2.06543,-0.644176,-1.29971,-2.06543,-0.634275,-1.28183,-2.08135
0.199504,-1.16843,-2.00016,41.7813,838895360,-0.52792,-1.18026,-1.89852,-0.536378,-1.19691,-1.88398,-0.555907,-1.18655,-1.88398,-0.547157,-1.17006,-1.89852,-0.59127,-1.30465,-2.08135,-0.600532,-1.32287,-2.06543,-0.62216,-1.31139,-2.06543,-0.612578,-1.29334,-2.08135
0.50642,-1.16917,-1.2847,-50.7606,838895401,0.375374,-1.23584,-1.89852,0.379905,-1.25395,-1.88398,0.358458,-1.25932,-1.88398,0.354247,-1.24113,-1.89852,0.409252,-1.37123,-2.08135,0.414214,-1.39106,-2.06543,0.390463,-1.39701,-2.06543,0.385852,-1.37709,-2.08135
0.118553,-1.18626,-0.0610091,34.7992,838895623,1.28993,-0.0674082,-1.93814,1.30863,-0.0693607,-1.92378,1.30634,-0.0913497,-1.92378,1.28766,-0.0890683,-1.93814,1.42696,-0.081712,-2.12232,1.44744,-0.08385,-2.1066,1.4449,-0.108202,-2.1066,1.42445,-0.105703,-2.12232
0.0958456,-1.18552,-0.0438281,-2.15455,838895624,1.29223,-0.0453093,-1.93814,1.31097,-0.0469328,-1.92378,1.30868,-0.0689219,-1.92378,1.28997,-0.0669694,-1.93814,1.42951,-0.0572819,-2.12232,1.45003,-0.0590597,-2.1066,1.44749,-0.0834112,-2.1066,1.427,-0.0812733,-2.12232
0.0210223,-1.20335,-0.0264967,-3.0255,838896137,1.2915,-0.0228597,-1.97827,1.3104,-0.0241672,-1.9641,1.30888,-0.046223,-1.9641,1.29,-0.0445856,-1.97827,1.42716,-0.0322446,-2.16379,1.44785,-0.0336763,-2.14826,1.44616,-0.0581018,-2.14826,1.42549,-0.0563088,-2.16379
0.105708,-1.20262,-0.00931647,-0.157766,838896138,1.29304,-0.000693681,-1.97827,1.31196,-0.00167144,-1.9641,1.31043,-0.0237272,-1.9641,1.29153,-0.0224196,-1.97827,1.42885,-0.00774023,-2.16379,1.44957,-0.00881088,-2.14826,1.44788,-0.0332363,-2.14826,1.42719,-0.0318044,-2.16379
-0.0518563,-1.20335,0.0080177,-3.76126,838896139,1.29152,0.0217167,-1.97827,1.31046,0.02107,-1.9641,1.3097,-0.00102565,-1.9641,1.29078,-4.83772e-05,-1.97827,1.42742,0.0170754,-2.16379,1.44816,0.0163672,-2.14826,1.44732,-0.00810236,-2.14826,1.4266,-0.00703224,-2.16379
-0.0133281,-1.20262,0.0251983,-2.92176,838896140,1.29228,0.0439227,-1.97827,1.31123,0.0436065,-1.9641,1.31047,0.0215109,-1.9641,1.29154,0.0221576,-1.97827,1.42826,0.0416239,-2.16379,1.44901,0.0412776,-2.14826,1.44817,0.0168081,-2.14826,1.42744,0.0175163,-2.16379
0.0402726,-1.20336,0.0425322,-3.4321,838896141,1.28998,0.0662666,-1.97827,1.30893,0.0662816,-1.9641,1.30895,0.0441731,-1.9641,1.29,0.0444888,-1.97827,1.42596,0.0663745,-2.16379,1.44671,0.0663908,-2.14826,1.44673,0.041907,-2.14826,1.42598,0.0422528,-2.16379
0.0503336,-1.20263,0.0597133,-1.92719,838896142,1.28997,0.0884855,-1.97827,1.30891,0.0888313,-1.9641,1.30893,0.0667228,-1.9641,1.28998,0.0667077,-1.97827,1.42594,0.0909372,-2.16379,1.44669,0.0913159,-2.14826,1.44671,0.0668321,-2.14826,1.42596,0.0668155,-2.16379
0.0756322,-1.20338,0.0770473,-2.71984,838896143,1.28689,0.110736,-1.97827,1.30583,0.111412,-1.9641,1.30662,0.0893179,-1.9641,1.28767,0.0889716,-1.97827,1.42278,0.115592,-2.16379,1.44352,0.116334,-2.14826,1.44439,0.0918654,-2.14826,1.42365,0.0914862,-2.16379
0.0348927,-1.20266,0.0942293,-2.51676,838896144,1.2861,0.13294,-1.97827,1.30502,0.133948,-1.9641,1.30581,0.111853,-1.9641,1.28688,0.111176,-1.97827,1.42191,0.14014,-2.16379,1.44263,0.141243,-2.14826,1.4435,0.116774,-2.14826,1.42277,0.116033,-2.16379
-0.0672756,-1.20341,0.111563,-2.35915,838896145,1.28225,0.155069,-1.97827,1.30115,0.156407,-1.9641,1.30271,0.134354,-1.9641,1.28379,0.133346,-1.97827,1.41789,0.16467,-2.16379,1.43858,0.166134,-2.14826,1.44031,0.141711,-2.14826,1.41959,0.140608,-2.16379
0.0649411,-1.2027,0.128747,-2.46312,838896146,1.28068,0.177233,-1.97827,1.29956,0.1789,-1.9641,1.30112,0.156847,-1.9641,1.28222,0.15551,-1.97827,1.41615,0.189171,-2.16379,1.43682,0.190997,-2.14826,1.43855,0.166574,-2.14826,1.41786,0.16511,-2.16379
0.06229,-1.20346,0.146081,13.6457,838896147,1.27606,0.199214,-1.97827,1.2949,0.201211,-1.9641,1.29723,0.179226,-1.9641,1.27836,0.177558,-1.97827,1.41128,0.213546,-2.16379,1.43191,0.215732,-2.14826,1.43449,0.191385,-2.14826,1.41382,0.189558,-2.16379
-0.0261823,-1.20275,0.163266,-1.68674,838896148,1.27372,0.221309,-1.97827,1.29253,0.223635,-1.9641,1.29486,0.20165,-1.9641,1.27601,0.199653,-1.97827,1.40869,0.237972,-2.16379,1.42929,0.240518,-2.14826,1.43187,0.216171,-2.14826,1.41124,0.213984,-2.16379
0.20084,-1.20262,-1.72013,39.2069,838896400,-0.181147,-1.28027,-1.97827,-0.184748,-1.29888,-1.9641,-0.206377,-1.2943,-1.9641,-0.202452,-1.27576,-1.97827,-0.207023,-1.41379,-2.16379,-0.210967,-1.43416,-2.14826,-0.234919,-1.42909,-2.14826,-0.230621,-1.40879,-2.16379
0.141669,-1.20263,-0.289353,-12.7033,838896482,1.24244,-0.358046,-1.97827,1.26036,-0.364201,-1.9641,1.25281,-0.384982,-1.9641,1.235,-0.378516,-1.97827,1.37105,-0.402248,-2.16379,1.39068,-0.408988,-2.14826,1.38232,-0.432002,-2.14826,1.36282,-0.424922,-2.16379
0.0153318,-1.22044,-0.0264989,-4.33805,838896649,1.2915,-0.0228596,-2.01894,1.31054,-0.0241768,-2.00495,1.30901,-0.0462326,-2.00495,1.29,-0.0445855,-2.01894,1.42535,-0.0321194,-2.20576,1.44619,-0.0335617,-2.19045,1.4445,-0.0579871,-2.19045,1.42368,-0.0561835,-2.20576
-0.0132752,-1.2197,-0.00931961,-3.97975,838896650,1.29304,-0.000693706,-2.01894,1.3121,-0.00168088,-2.00495,1.31057,-0.0237367,-2.00495,1.29153,-0.0224196,-2.01894,1.42704,-0.00761512,-2.20576,1.44791,-0.00869608,-2.19045,1.44622,-0.0331215,-2.19045,1.42538,-0.0316793,-2.20576
0.0230535,-1.22044,0.00801548,-4.00073,838896651,1.29152,0.0217167,-2.01894,1.31059,0.0210654,-2.00495,1.30984,-0.00103026,-2.00495,1.29078,-4.8452e-05,-2.01894,1.42561,0.0171372,-2.20576,1.44649,0.016424,-2.19045,1.44566,-0.00804552,-2.19045,1.42479,-0.00697044,-2.20576
0.0777411,-1.2197,0.0251951,5.1242,838896652,1.29228,0.0439227,-2.01894,1.31136,0.0436018,-2.00495,1.31061,0.0215062,-2.00495,1.29154,0.0221576,-2.01894,1.42645,0.0416858,-2.20576,1.44734,0.0413344,-2.19045,1.44651,0.0168649,-2.19045,1.42562,0.0175782,-2.20576
0.031751,-1.22045,0.04253,-4.21204,838896653,1.28998,0.0662666,-2.01894,1.30907,0.0662817,-2.00495,1.30909,0.0441732,-2.00495,1.29,0.0444888,-2.01894,1.42415,0.066373,-2.20576,1.44505,0.0663895,-2.19045,1.44507,0.0419057,-2.19045,1.42417,0.0422513,-2.20576
0.268134,-1.21972,0.0597102,-8.39352,838896654,1.28997,0.0884855,-2.01894,1.30905,0.0888314,-2.00495,1.30907,0.0667229,-2.00495,1.28998,0.0667077,-2.01894,1.42413,0.0909358,-2.20576,1.44503,0.0913146,-2.19045,1.44505,0.0668308,-2.19045,1.42415,0.0668141,-2.20576
0.326593,-1.22047,0.0770451,-0.0485334,838896655,1.28689,0.110736,-2.01894,1.30596,0.111417,-2.00495,1.30675,0.0893228,-2.00495,1.28767,0.0889717,-2.01894,1.42097,0.115528,-2.20576,1.44186,0.116274,-2.19045,1.44273,0.0918059,-2.19045,1.42183,0.0914215,-2.20576
0.251211,-1.21975,0.0942262,7.73391,838896656,1.2861,0.13294,-2.01894,1.30516,0.133952,-2.00495,1.30595,0.111858,-2.00495,1.28688,0.111176,-2.01894,1.42009,0.140075,-2.20576,1.44097,0.141183,-2.19045,1.44184,0.116715,-2.19045,1.42096,0.115969,-2.20576
0.141261,-1.2205,0.111561,8.96404,838896657,1.28225,0.155069,-2.01894,1.30129,0.156417,-2.00495,1.30285,0.134363,-2.00495,1.28379,0.133346,-2.01894,1.41608,0.164541,-2.20576,1.43692,0.166017,-2.19045,1.43865,0.141594,-2.19045,1.41778,0.14048,-2.20576
0.0119265,-1.21979,0.128743,-3.09588,838896658,1.28068,0.177233,-2.01894,1.29969,0.17891,-2.00495,1.30126,0.156857,-2.00495,1.28222,0.15551,-2.01894,1.41435,0.189043,-2.20576,1.43517,0.19088,-2.19045,1.43689,0.166457,-2.19045,1.41605,0.164982,-2.20576
0.0740319,-1.22055,0.146079,-3.8222,838896659,1.27606,0.199214,-2.01894,1.29504,0.201226,-2.00495,1.29737,0.17924,-2.00495,1.27836,0.177558,-2.01894,1.40948,0.213354,-2.20576,1.43026,0.215557,-2.19045,1.43284,0.19121,-2.19045,1.41202,0.189367,-2.20576
0.0646106,-1.21984,0.163263,-36.0557,838896660,1.27372,0.221309,-2.01894,1.29266,0.22365,-2.00495,1.29499,0.201664,-2.00495,1.27601,0.199653,-2.01894,1.40689,0.237781,-2.20576,1.42763,0.240343,-2.19045,1.43021,0.215996,-2.19045,1.40943,0.213793,-2.20576
-0.0270098,-1.22048,0.253537,-4.67618,838896665,1.24745,0.334982,-2.01894,1.26612,0.338962,-2.00495,1.27073,0.31734,-2.00495,1.252,0.313683,-2.01894,1.37867,0.362967,-2.20576,1.39911,0.367325,-2.19045,1.40421,0.34338,-2.19045,1.3837,0.339375,-2.20576
0.120556,-1.2205,0.460627,-9.74643,838896677,1.15188,0.584273,-2.01894,1.16931,0.59205,-2.00495,1.17832,0.57186,-2.00495,1.16076,0.564385,-2.01894,1.2744,0.638946,-2.20576,1.29349,0.647462,-2.19045,1.30346,0.625103,-2.19045,1.28423,0.616918,-2.20576
0.27021,-1.21975,1.14142,50.6555,838896716,0.52792,1.18026,-2.01894,0.536573,1.19728,-2.00495,0.556103,1.18691,-2.00495,0.547157,1.17006,-2.01894,0.588739,1.29988,-2.20576,0.598215,1.3185,-2.19045,0.619842,1.30703,-2.19045,0.610047,1.28857,-2.20576
0.160336,-1.2205,1.15876,42.9913,838896717,0.506831,1.188,-2.01894,0.515182,1.20516,-2.00495,0.535061,1.19548,-2.00495,0.526413,1.17847,-2.01894,0.565543,1.30863,-2.20576,0.574688,1.32742,-2.19045,0.596703,1.31671,-2.19045,0.587232,1.29808,-2.20576
0.0537828,-1.23757,-0.0265067,-27.1732,838897161,1.2915,-0.0228607,-2.06045,1.31081,-0.0241965,-2.04655,1.30928,-0.0462655,-2.04655,1.29,-0.0445866,-2.06045,1.42365,-0.0320033,-2.24849,1.44466,-0.0334562,-2.23337,1.44298,-0.0577441,-2.23337,1.422,-0.0559179,-2.24849
0.0831346,-1.23683,-0.0093225,-8.26504,838897162,1.29304,-0.000692676,-2.06045,1.31237,-0.00168532,-2.04655,1.31084,-0.0237544,-2.04655,1.29153,-0.0224185,-2.06045,1.42534,-0.0076465,-2.24849,1.44637,-0.00872618,-2.23337,1.44469,-0.0330141,-2.23337,1.42368,-0.0315611,-2.24849
1.7544,-1.23757,0.00800775,-1.45204,838897163,1.29152,0.0217157,-2.06045,1.31087,0.021055,-2.04655,1.31011,-0.00105387,-2.04655,1.29078,-4.94226e-05,-2.06045,1.42391,0.0171942,-2.24849,1.44495,0.0164756,-2.23337,1.44412,-0.00785619,-2.23337,1.42309,-0.00676366,-2.24849
0.262908,-1.23683,0.0251923,0.527005,838897164,1.29228,0.0439237,-2.06045,1.31164,0.0436069,-2.04655,1.31088,0.021498,-2.04655,1.29154,0.0221586,-2.06045,1.42475,0.0415949,-2.24849,1.4458,0.0412503,-2.23337,1.44497,0.0169186,-2.23337,1.42393,0.0176371,-2.24849
1.30819,-1.23758,0.0425223,-0.323658,838897165,1.28998,0.0662656,-2.06045,1.30934,0.0662808,-2.04655,1.30936,0.0441591,-2.04655,1.29,0.0444878,-2.06045,1.42245,0.0663707,-2.24849,1.44351,0.0663873,-2.23337,1.44352,0.0420413,-2.23337,1.42247,0.0423989,-2.24849
22.757,-1.23685,0.0597074,0.27327,838897166,1.28997,0.0884866,-2.06045,1.30932,0.0888458,-2.04655,1.30934,0.066724,-2.04655,1.28998,0.0667088,-2.06045,1.42243,0.0907856,-2.24849,1.44349,0.0911764,-2.23337,1.4435,0.0668305,-2.23337,1.42245,0.0668139,-2.24849
6.97829,-1.2376,0.0770374,0.796863,838897167,1.28689,0.110735,-2.06045,1.30624,0.111426,-2.04655,1.30703,0.0893182,-2.04655,1.28767,0.0889706,-2.06045,1.41928,0.115466,-2.24849,1.44032,0.116218,-2.23337,1.44118,0.0918876,-2.23337,1.42013,0.0915096,-2.24849
2.06724,-1.23688,0.0942234,0.223235,838897168,1.2861,0.132941,-2.06045,1.30543,0.133976,-2.04655,1.30622,0.111869,-2.04655,1.28688,0.111177,-2.06045,1.4184,0.139866,-2.24849,1.43943,0.140991,-2.23337,1.4403,0.116661,-2.23337,1.41926,0.115909,-2.24849
0.22048,-1.23764,0.111554,8.15883,838897169,1.28225,0.155068,-2.06045,1.30156,0.156435,-2.04655,1.30312,0.134368,-2.04655,1.28379,0.133345,-2.06045,1.41439,0.164421,-2.24849,1.43539,0.165907,-2.23337,1.43711,0.141622,-2.23337,1.41608,0.140509,-2.24849
0.0532118,-1.23692,0.128741,-1.7949,838897170,1.28068,0.177234,-2.06045,1.29996,0.178944,-2.04655,1.30153,0.156877,-2.04655,1.28222,0.15551,-2.06045,1.41266,0.188775,-2.24849,1.43364,0.190634,-2.23337,1.43536,0.166349,-2.23337,1.41436,0.164863,-2.24849
-0.0303523,-1.23768,0.146072,-2.23509,838897171,1.27606,0.199213,-2.06045,1.29531,0.201253,-2.04655,1.29764,0.179254,-2.04655,1.27836,0.177557,-2.06045,1.40779,0.213175,-2.24849,1.42873,0.215393,-2.23337,1.43129,0.191183,-2.23337,1.41032,0.189336,-2.24849
-0.0701531,-1.23697,0.16326,-1.37282,838897172,1.27372,0.22131,-2.06045,1.29293,0.223692,-2.04655,1.29526,0.201694,-2.04655,1.27601,0.199654,-2.06045,1.40522,0.237454,-2.24849,1.42611,0.240044,-2.23337,1.42868,0.215834,-2.23337,1.40774,0.213615,-2.24849
0.148927,-1.23771,0.184493,-25.9862,838897173,1.26746,0.248116,-2.06045,1.28662,0.250821,-2.04655,1.28972,0.228917,-2.04655,1.2705,0.226552,-2.06045,1.39863,0.266635,-2.24849,1.41947,0.269578,-2.23337,1.42288,0.245471,-2.23337,1.40198,0.242899,-2.24849
0.283938,-1.23766,0.219012,7.82684,838897175,1.25822,0.291723,-2.06045,1.27727,0.295096,-2.04655,1.28113,0.273313,-2.04655,1.26201,0.270278,-2.06045,1.38866,0.314812,-2.24849,1.40939,0.318481,-2.23337,1.41363,0.294508,-2.23337,1.39283,0.291207,-2.24849
0.175874,-1.2369,0.236196,6.56958,838897176,1.25434,0.313604,-2.06045,1.27334,0.317316,-2.04655,1.2772,0.295533,-2.04655,1.25814,0.292159,-2.06045,1.3844,0.338853,-2.24849,1.40506,0.342891,-2.23337,1.40931,0.318918,-2.23337,1.38858,0.315249,-2.24849
0.0173348,-1.23762,0.253529,-2.15075,838897177,1.24745,0.334981,-2.06045,1.26638,0.339018,-2.04655,1.271,0.317383,-2.04655,1.252,0.313682,-2.06045,1.37701,0.362612,-2.24849,1.3976,0.367003,-2.23337,1.40268,0.343192,-2.23337,1.38201,0.339167,-2.24849
0.113788,-1.23686,0.270713,43.234,838897178,1.24282,0.356713,-2.06045,1.26168,0.361087,-2.04655,1.26629,0.339451,-2.04655,1.24736,0.335414,-2.06045,1.37192,0.38649,-2.24849,1.39243,0.391247,-2.23337,1.3975,0.367436,-2.23337,1.37692,0.363045,-2.24849
-0.0940029,-1.23759,0.288044,-1.4086,838897179,1.23519,0.377836,-2.06045,1.25397,0.382532,-2.04655,1.25933,0.361071,-2.04655,1.24047,0.356709,-2.06045,1.3637,0.409975,-2.24849,1.38412,0.415083,-2.23337,1.39003,0.391464,-2.23337,1.36951,0.38672,-2.24849
0.00964805,-1.23684,0.305228,-1.63021,838897180,1.2298,0.399394,-2.06045,1.24849,0.404423,-2.04655,1.25386,0.382962,-2.04655,1.23508,0.378266,-2.06045,1.35777,0.433661,-2.24849,1.37811,0.439131,-2.23337,1.38401,0.415513,-2.23337,1.36359,0.410405,-2.24849
0.0394983,-1.23757,0.322559,-2.01432,838897181,1.22143,0.420238,-2.06045,1.24004,0.425586,-2.04655,1.24615,0.404326,-2.04655,1.22745,0.399308,-2.06045,1.34874,0.456845,-2.24849,1.36898,0.462663,-2.23337,1.3757,0.439265,-2.23337,1.35537,0.433807,-2.24849
-0.0456069,-1.23683,0.339743,-2.8511,838897182,1.21529,0.441593,-2.06045,1.2338,0.447273,-2.04655,1.23991,0.426012,-2.04655,1.22131,0.420664,-2.06045,1.342,0.480309,-2.24849,1.36212,0.486487,-2.23337,1.36885,0.463089,-2.23337,1.34862,0.457271,-2.24849
0.235179,-1.23694,0.550744,42.0114,838897194,1.09572,0.686262,-2.06045,1.11264,0.695663,-2.04655,1.12304,0.676138,-2.04655,1.10595,0.66704,-2.06045,1.21161,0.750463,-2.24849,1.23001,0.760689,-2.23337,1.24146,0.7392,-2.23337,1.22288,0.729304,-2.24849
0.52817,-1.23766,0.568078,47.1037,838897195,1.08256,0.704465,-2.06045,1.09932,0.714153,-2.04655,1.11039,0.695003,-2.04655,1.09346,0.685612,-2.06045,1.19724,0.770775,-2.24849,1.21546,0.781313,-2.23337,1.22765,0.760237,-2.23337,1.20924,0.750022,-2.24849
-0.0229752,-1.25474,-0.0265087,-1.49363,838897673,1.2915,-0.0228607,-2.10248,1.31094,-0.0242051,-2.08876,1.30941,-0.0462742,-2.08876,1.29,-0.0445866,-2.10248,1.42195,-0.0318855,-2.29171,1.44309,-0.0333478,-2.27678,1.44141,-0.0576357,-2.27678,1.4203,-0.0558001,-2.29171
0.165795,-1.25399,-0.00932537,-8.34248,838897674,1.29304,-0.000692663,-2.10248,1.31249,-0.00169396,-2.08876,1.31097,-0.023763,-2.08876,1.29153,-0.0224185,-2.10248,1.42364,-0.00752867,-2.29171,1.4448,-0.00861776,-2.27678,1.44312,-0.0329057,-2.27678,1.42198,-0.0314433,-2.29171
1.28846,-1.25473,0.00800572,0.257618,838897675,1.29152,0.0217157,-2.10248,1.31099,0.0210508,-2.08876,1.31024,-0.00105811,-2.08876,1.29078,-4.94529e-05,-2.10248,1.42221,0.0172524,-2.29171,1.44338,0.0165292,-2.27678,1.44255,-0.00780253,-2.27678,1.42139,-0.00670543,-2.29171
0.337319,-1.25399,0.0251894,-4.09347,838897676,1.29228,0.0439237,-2.10248,1.31176,0.0436026,-2.08876,1.31101,0.0214937,-2.08876,1.29154,0.0221586,-2.10248,1.42304,0.0416532,-2.29171,1.44423,0.0413039,-2.27678,1.4434,0.0169721,-2.27678,1.42222,0.0176954,-2.29171
0.512834,-1.25474,0.0425203,0.24523,838897677,1.28998,0.0662655,-2.10248,1.30947,0.066281,-2.08876,1.30948,0.0441592,-2.08876,1.29,0.0444878,-2.10248,1.42075,0.0663693,-2.29171,1.44193,0.0663861,-2.27678,1.44195,0.0420401,-2.27678,1.42076,0.0423975,-2.29171
1.87823,-1.25401,0.0597046,-0.268676,838897678,1.28997,0.0884865,-2.10248,1.30945,0.088846,-2.08876,1.30946,0.0667242,-2.08876,1.28998,0.0667087,-2.10248,1.42073,0.0907842,-2.29171,1.44191,0.0911752,-2.27678,1.44193,0.0668293,-2.27678,1.42075,0.0668125,-2.29171
1.28909,-1.25476,0.0770354,-0.789836,838897679,1.28689,0.110735,-2.10248,1.30636,0.11143,-2.08876,1.30715,0.0893227,-2.08876,1.28767,0.0889707,-2.10248,1.41757,0.115405,-2.29171,1.43875,0.116162,-2.27678,1.43961,0.0918315,-2.27678,1.41843,0.0914486,-2.29171
0.318632,-1.25403,0.0942206,5.64081,838897680,1.2861,0.132941,-2.10248,1.30555,0.133981,-2.08876,1.30634,0.111873,-2.08876,1.28688,0.111177,-2.10248,1.4167,0.139805,-2.29171,1.43786,0.140935,-2.27678,1.43873,0.116605,-2.27678,1.41755,0.115848,-2.29171
0.0643119,-1.2548,0.111552,-2.9332,838897681,1.28225,0.155068,-2.10248,1.30168,0.156444,-2.08876,1.30324,0.134377,-2.08876,1.28379,0.133345,-2.10248,1.41268,0.1643,-2.29171,1.43382,0.165796,-2.27678,1.43554,0.141511,-2.27678,1.41438,0.140388,-2.29171
0.0547009,-1.25407,0.128738,-3.55162,838897682,1.28068,0.177234,-2.10248,1.30009,0.178953,-2.08876,1.30165,0.156886,-2.08876,1.28222,0.15551,-2.10248,1.41096,0.188654,-2.29171,1.43207,0.190523,-2.27678,1.43379,0.166238,-2.27678,1.41265,0.164742,-2.29171
0.135919,-1.25484,0.14607,-10.7926,838897683,1.27606,0.199213,-2.10248,1.29543,0.201266,-2.08876,1.29776,0.179268,-2.08876,1.27836,0.177557,-2.10248,1.40609,0.212995,-2.29171,1.42716,0.215228,-2.27678,1.42973,0.191018,-2.27678,1.40862,0.189156,-2.29171
0.0347498,-1.25412,0.163257,-2.13217,838897684,1.27372,0.22131,-2.10248,1.29305,0.223706,-2.08876,1.29539,0.201707,-2.08876,1.27601,0.199654,-2.10248,1.40352,0.237274,-2.29171,1.42455,0.239879,-2.27678,1.42712,0.215669,-2.27678,1.40605,0.213435,-2.29171
0.0342065,-1.25487,0.184491,-3.61592,838897685,1.26746,0.248115,-2.10248,1.28675,0.250839,-2.08876,1.28984,0.228934,-2.08876,1.2705,0.226552,-2.10248,1.39694,0.266396,-2.29171,1.41792,0.269358,-2.27678,1.42132,0.245252,-2.27678,1.40029,0.24266,-2.29171
0.000214868,-1.25478,0.253527,-2.13895,838897689,1.24745,0.334981,-2.10248,1.26651,0.339044,-2.08876,1.27112,0.317409,-2.08876,1.252,0.313682,-2.10248,1.37534,0.362255,-2.29171,1.39606,0.366675,-2.27678,1.40114,0.342865,-2.27678,1.38034,0.338811,-2.29171
0.164183,-1.25402,0.27071,24.2315,838897690,1.24282,0.356713,-2.10248,1.2618,0.361113,-2.08876,1.26641,0.339478,-2.08876,1.24736,0.335414,-2.10248,1.37025,0.386133,-2.29171,1.39089,0.390919,-2.27678,1.39597,0.367109,-2.27678,1.37525,0.362689,-2.29171
0.555007,-1.25475,0.288042,6.39181,838897691,1.23519,0.377836,-2.10248,1.25409,0.382563,-2.08876,1.25945,0.361102,-2.08876,1.24047,0.356709,-2.10248,1.36204,0.409561,-2.29171,1.3826,0.414702,-2.27678,1.3885,0.391083,-2.27678,1.36786,0.386305,-2.29171
0.0941195,-1.254,0.305226,-13.2378,838897692,1.2298,0.399394,-2.10248,1.24861,0.404453,-2.08876,1.25398,0.382993,-2.08876,1.23508,0.378266,-2.10248,1.35612,0.433247,-2.29171,1.37658,0.43875,-2.27678,1.38249,0.415132,-2.27678,1.36193,0.409991,-2.29171
-0.101575,-1.25474,0.322557,-1.44599,838897693,1.22143,0.420238,-2.10248,1.24016,0.425621,-2.08876,1.24627,0.404361,-2.08876,1.22745,0.399308,-2.10248,1.3471,0.456373,-2.29171,1.36747,0.462229,-2.27678,1.37419,0.438831,-2.27678,1.35373,0.433335,-2.29171
0.0966062,-1.25399,0.33974,-13.7984,838897694,1.21529,0.441593,-2.10248,1.23392,0.447307,-2.08876,1.24003,0.426047,-2.08876,1.22131,0.420664,-2.10248,1.34035,0.479837,-2.29171,1.36061,0.486053,-2.27678,1.36734,0.462655,-2.27678,1.34698,0.456799,-2.29171
0.177372,-1.25407,0.477804,20.3008,838897702,1.14283,0.604564,-2.10248,1.16048,0.612817,-2.08876,1.16949,0.592615,-2.08876,1.1517,0.584677,-2.10248,1.26135,0.659854,-2.29171,1.28054,0.66883,-2.27678,1.29046,0.646597,-2.27678,1.27111,0.637963,-2.29171
0.152939,-1.25399,1.42145,34.6757,838897756,0.181146,1.28027,-2.10248,0.184845,1.2994,-2.08876,0.206487,1.29482,-2.08876,0.202451,1.27576,-2.10248,0.206088,1.40865,-2.29171,0.210111,1.42946,-2.27678,0.233929,1.42442,-2.27678,0.22954,1.40369,-2.29171
0.477182,-1.25399,-2.80185,-47.266,838897874,-1.21529,-0.441593,-2.10248,-1.23392,-0.447307,-2.08876,-1.24003,-0.426047,-2.08876,-1.22131,-0.420664,-2.10248,-1.34035,-0.479837,-2.29171,-1.36061,-0.486053,-2.27678,-1.36734,-0.462655,-2.27678,-1.34698,-0.456799,-2.29171
0.213429,-1.25478,-1.84087,55.7679,838897929,-0.333625,-1.24782,-2.10248,-0.339632,-1.26635,-2.08876,-0.360676,-1.25953,-2.08876,-0.354342,-1.2411,-2.10248,-0.373947,-1.37221,-2.29171,-0.38048,-1.39236,-2.27678,-0.40364,-1.38485,-2.27678,-0.39675,-1.36481,-2.29171
0.0305099,-1.27187,-0.0265107,-2.70192,838898185,1.2915,-0.0228607,-2.14506,1.31106,-0.0242137,-2.13152,1.30953,-0.0462827,-2.13152,1.29,-0.0445866,-2.14506,1.42024,-0.0317669,-2.33546,1.44151,-0.0332385,-2.32073,1.43983,-0.0575264,-2.32073,1.41858,-0.0556815,-2.33546
0.00093204,-1.27112,-0.0093282,-2.23522,838898186,1.29304,-0.000692665,-2.14506,1.31262,-0.00170248,-2.13152,1.31109,-0.0237715,-2.13152,1.29153,-0.0224185,-2.14506,1.42192,-0.00741011,-2.33546,1.44322,-0.00850847,-2.32073,1.44154,-0.0327964,-2.32073,1.42027,-0.0313248,-2.33546
0.11489,-1.27186,0.00800373,4.02072,838898187,1.29152,0.0217157,-2.14506,1.31111,0.0210466,-2.13152,1.31036,-0.00106234,-2.13152,1.29078,-4.94389e-05,-2.14506,1.42049,0.0173111,-2.33546,1.4418,0.0165833,-2.32073,1.44097,-0.0077485,-2.32073,1.41967,-0.00664678,-2.33546
0.0151517,-1.27112,0.0251866,-3.38341,838898188,1.29228,0.0439237,-2.14506,1.31188,0.0435984,-2.13152,1.31113,0.0214895,-2.13152,1.29154,0.0221586,-2.14506,1.42132,0.0417119,-2.33546,1.44265,0.041358,-2.32073,1.44182,0.0170262,-2.32073,1.4205,0.017754,-2.33546
0.0339047,-1.27187,0.0425183,-2.91778,838898189,1.28998,0.0662656,-2.14506,1.30959,0.066281,-2.13152,1.30961,0.0441592,-2.13152,1.29,0.0444878,-2.14506,1.41903,0.066368,-2.33546,1.44035,0.0663847,-2.32073,1.44037,0.0420388,-2.32073,1.41905,0.0423962,-2.33546
0.139732,-1.27113,0.0597018,0.88294,838898190,1.28997,0.0884866,-2.14506,1.30957,0.088846,-2.13152,1.30959,0.0667242,-2.13152,1.28998,0.0667088,-2.14506,1.41901,0.090783,-2.33546,1.44033,0.0911739,-2.32073,1.44035,0.066828,-2.32073,1.41903,0.0668112,-2.33546
0.0432936,-1.27189,0.0770335,-3.83779,838898191,1.28689,0.110735,-2.14506,1.30648,0.111435,-2.13152,1.30727,0.089327,-2.13152,1.28767,0.0889707,-2.14506,1.41585,0.115344,-2.33546,1.43716,0.116105,-2.32073,1.43803,0.0917749,-2.32073,1.41671,0.0913873,-2.33546
0.199752,-1.27116,0.0942179,6.49741,838898192,1.2861,0.132941,-2.14506,1.30568,0.133985,-2.13152,1.30647,0.111878,-2.13152,1.28688,0.111178,-2.14506,1.41498,0.139743,-2.33546,1.43628,0.140879,-2.32073,1.43715,0.116548,-2.32073,1.41584,0.115787,-2.33546
0.0894166,-1.27193,0.11155,-3.11123,838898193,1.28225,0.155068,-2.14506,1.3018,0.156452,-2.13152,1.30337,0.134386,-2.13152,1.28379,0.133345,-2.14506,1.41097,0.164179,-2.33546,1.43224,0.165684,-2.32073,1.43396,0.141399,-2.32073,1.41266,0.140267,-2.33546
0.233684,-1.2712,0.128735,5.02439,838898194,1.28068,0.177234,-2.14506,1.30021,0.178961,-2.13152,1.30177,0.156895,-2.13152,1.28222,0.155511,-2.14506,1.40925,0.188533,-2.33546,1.43049,0.190412,-2.32073,1.43221,0.166126,-2.32073,1.41094,0.164621,-2.33546
1.04098,-1.27197,0.146068,1.75864,838898195,1.27606,0.199213,-2.14506,1.29556,0.201279,-2.13152,1.29789,0.179281,-2.13152,1.27836,0.177557,-2.14506,1.40439,0.212814,-2.33546,1.42559,0.215061,-2.32073,1.42816,0.190851,-2.32073,1.40691,0.188975,-2.33546
0.220983,-1.27125,0.163254,14.279,838898196,1.27372,0.22131,-2.14506,1.29318,0.223719,-2.13152,1.29551,0.20172,-2.13152,1.27601,0.199654,-2.14506,1.40181,0.237093,-2.33546,1.42298,0.239712,-2.32073,1.42554,0.215502,-2.32073,1.40434,0.213254,-2.33546
0.0812712,-1.272,0.184489,-3.07667,838898197,1.26746,0.248116,-2.14506,1.28687,0.250856,-2.13152,1.28996,0.228952,-2.13152,1.2705,0.226552,-2.14506,1.39523,0.266156,-2.33546,1.41635,0.269137,-2.32073,1.41975,0.24503,-2.32073,1.39859,0.24242,-2.33546
-0.0804074,-1.27191,0.253525,-4.08207,838898201,1.24745,0.334981,-2.14506,1.26663,0.33907,-2.13152,1.27124,0.317435,-2.13152,1.252,0.313682,-2.14506,1.37366,0.361897,-2.33546,1.39451,0.366345,-2.32073,1.39959,0.342534,-2.32073,1.37866,0.338453,-2.33546
0.0315445,-1.27115,0.270707,-3.31207,838898202,1.24282,0.356713,-2.14506,1.26192,0.361138,-2.13152,1.26653,0.339503,-2.13152,1.24736,0.335414,-2.14506,1.36857,0.385775,-2.33546,1.38934,0.390589,-2.32073,1.39442,0.366778,-2.32073,1.37357,0.362331,-2.33546
0.228682,-1.27188,0.28804,-6.85587,838898203,1.23519,0.377836,-2.14506,1.25421,0.382593,-2.13152,1.25957,0.361132,-2.13152,1.24047,0.356709,-2.14506,1.36038,0.409144,-2.33546,1.38106,0.414317,-2.32073,1.38697,0.390699,-2.32073,1.36619,0.385889,-2.33546
0.483653,-1.27113,0.305223,2.50669,838898204,1.2298,0.399394,-2.14506,1.24873,0.404483,-2.13152,1.2541,0.383023,-2.13152,1.23508,0.378266,-2.14506,1.35445,0.43283,-2.33546,1.37505,0.438366,-2.32073,1.38095,0.414747,-2.32073,1.36027,0.409574,-2.33546
0.571937,-1.27187,0.322555,-1.3307,838898205,1.22143,0.420238,-2.14506,1.24027,0.425655,-2.13152,1.24639,0.404395,-2.13152,1.22745,0.399308,-2.14506,1.34545,0.455899,-2.33546,1.36594,0.461791,-2.32073,1.37267,0.438393,-2.32073,1.35208,0.43286,-2.33546
-0.0150665,-1.27112,0.339738,-3.56673,838898206,1.21529,0.441593,-2.14506,1.23404,0.447341,-2.13152,1.24015,0.426081,-2.13152,1.22131,0.420664,-2.14506,1.3387,0.479363,-2.33546,1.35909,0.485615,-2.32073,1.36582,0.462217,-2.32073,1.34533,0.456325,-2.33546
0.0631864,-1.28897,-0.0265127,31.2834,838898697,1.2915,-0.0228607,-2.18821,1.31118,-0.0242221,-2.17484,1.30965,-0.0462911,-2.17484,1.29,-0.0445866,-2.18821,1.41851,-0.0316476,-2.37977,1.43992,-0.0331284,-2.36523,1.43824,-0.0574163,-2.36523,1.41686,-0.0555623,-2.37977
1.01193,-1.28822,-0.00933099,1.29442,838898698,1.29304,-0.000692668,-2.18821,1.31274,-0.00171088,-2.17484,1.31121,-0.0237799,-2.17484,1.29153,-0.0224185,-2.18821,1.4202,-0.00729083,-2.37977,1.44163,-0.00839832,-2.36523,1.43995,-0.0326862,-2.36523,1.41854,-0.0312055,-2.37977
2.35819,-1.28897,0.00800175,0.66609,838898699,1.29152,0.0217157,-2.18821,1.31124,0.0210423,-2.17484,1.31048,-0.00106657,-2.17484,1.29078,-4.93644e-05,-2.18821,1.41876,0.0173701,-2.37977,1.44021,0.0166377,-2.36523,1.43937,-0.0076941,-2.36523,1.41794,-0.00658771,-2.37977
0.340704,-1.28822,0.0251839,4.92449,838898700,1.29228,0.0439237,-2.18821,1.31201,0.0435943,-2.17484,1.31125,0.0214854,-2.17484,1.29154,0.0221586,-2.18821,1.4196,0.0417708,-2.37977,1.44105,0.0414125,-2.36523,1.44022,0.0170807,-2.36523,1.41878,0.017813,-2.37977
0.0867076,-1.28898,0.0425164,-9.29705,838898701,1.28998,0.0662655,-2.18821,1.30971,0.0662812,-2.17484,1.30973,0.0441594,-2.17484,1.29,0.0444878,-2.18821,1.4173,0.0663665,-2.37977,1.43875,0.0663836,-2.36523,1.43877,0.0420376,-2.36523,1.41732,0.0423947,-2.37977
0.153545,-1.28824,0.0596991,-1.21845,838898702,1.28997,0.0884865,-2.18821,1.30969,0.0888462,-2.17484,1.30971,0.0667244,-2.17484,1.28998,0.0667087,-2.18821,1.41728,0.0907815,-2.37977,1.43873,0.0911727,-2.36523,1.43875,0.0668268,-2.36523,1.4173,0.0668097,-2.37977
2.52751,-1.289,0.0770316,0.280093,838898703,1.28689,0.110735,-2.18821,1.30661,0.111439,-2.17484,1.3074,0.0893314,-2.17484,1.28767,0.0889706,-2.18821,1.41413,0.115282,-2.37977,1.43557,0.116048,-2.36523,1.43644,0.0917179,-2.36523,1.41498,0.0913255,-2.37977
0.120831,-1.28826,0.0942151,-26.8708,838898704,1.2861,0.132941,-2.18821,1.3058,0.13399,-2.17484,1.30659,0.111882,-2.17484,1.28688,0.111177,-2.18821,1.41325,0.139681,-2.37977,1.43468,0.140822,-2.36523,1.43555,0.116491,-2.36523,1.41411,0.115725,-2.37977
-9.0695e-05,-1.28904,0.111548,-3.40193,838898705,1.28225,0.155068,-2.18821,1.30193,0.156461,-2.17484,1.30349,0.134394,-2.17484,1.28379,0.133345,-2.18821,1.40925,0.164057,-2.37977,1.43065,0.165572,-2.36523,1.43237,0.141286,-2.36523,1.41094,0.140145,-2.37977
0.439958,-1.2883,0.128733,-11.3327,838898706,1.28068,0.177234,-2.18821,1.30033,0.17897,-2.17484,1.30189,0.156903,-2.17484,1.28222,0.155511,-2.18821,1.40752,0.188411,-2.37977,1.4289,0.190299,-2.36523,1.43062,0.166014,-2.36523,1.40922,0.164499,-2.37977
7.37911,-1.28908,0.146066,-0.0112607,838898707,1.27606,0.199213,-2.18821,1.29568,0.201292,-2.17484,1.29801,0.179293,-2.17484,1.27836,0.177557,-2.18821,1.40267,0.212631,-2.37977,1.424,0.214893,-2.36523,1.42657,0.190682,-2.36523,1.40519,0.188793,-2.37977
0.457688,-1.28836,0.163252,1.40435,838898708,1.27372,0.22131,-2.18821,1.2933,0.223731,-2.17484,1.29563,0.201733,-2.17484,1.27601,0.199654,-2.18821,1.40009,0.23691,-2.37977,1.42139,0.239544,-2.36523,1.42396,0.215333,-2.36523,1.40262,0.213072,-2.37977
0.0540161,-1.28911,0.184487,-3.09886,838898709,1.26746,0.248116,-2.18821,1.28699,0.250873,-2.17484,1.29008,0.228969,-2.17484,1.2705,0.226552,-2.18821,1.39352,0.265914,-2.37977,1.41477,0.268914,-2.36523,1.41817,0.244807,-2.36523,1.39687,0.242178,-2.37977
-0.0236943,-1.28902,0.253523,-2.80648,838898713,1.24745,0.334981,-2.18821,1.26675,0.339095,-2.17484,1.27136,0.31746,-2.17484,1.252,0.313682,-2.18821,1.37197,0.361537,-2.37977,1.39295,0.366012,-2.36523,1.39803,0.342201,-2.36523,1.37697,0.338092,-2.37977
-0.159165,-1.28825,0.270704,-2.86761,838898714,1.24282,0.356713,-2.18821,1.26204,0.361164,-2.17484,1.26665,0.339529,-2.17484,1.24736,0.335414,-2.18821,1.36688,0.385415,-2.37977,1.38778,0.390256,-2.36523,1.39286,0.366445,-2.36523,1.37188,0.36197,-2.37977
0.0839312,-1.28899,0.288038,-5.96392,838898715,1.23519,0.377836,-2.18821,1.25432,0.382622,-2.17484,1.25969,0.361161,-2.17484,1.24047,0.356709,-2.18821,1.3587,0.408725,-2.37977,1.37951,0.41393,-2.36523,1.38542,0.390312,-2.36523,1.36452,0.385469,-2.37977
0.204753,-1.28823,0.30522,-3.55227,838898716,1.2298,0.399394,-2.18821,1.24885,0.404513,-2.17484,1.25422,0.383052,-2.17484,1.23508,0.378266,-2.18821,1.35278,0.432411,-2.37977,1.3735,0.437979,-2.36523,1.37941,0.41436,-2.36523,1.35859,0.409155,-2.37977
0.113203,-1.28897,0.322553,31.1746,838898717,1.22143,0.420238,-2.18821,1.24039,0.425689,-2.17484,1.2465,0.404428,-2.17484,1.22745,0.399308,-2.18821,1.34379,0.455421,-2.37977,1.36441,0.46135,-2.36523,1.37114,0.437952,-2.36523,1.35041,0.432383,-2.37977
-0.0241737,-1.28822,0.339735,-2.65361,838898718,1.21529,0.441593,-2.18821,1.23415,0.447375,-2.17484,1.24027,0.426115,-2.17484,1.22131,0.420664,-2.18821,1.33704,0.478885,-2.37977,1.35756,0.485174,-2.36523,1.36429,0.461776,-2.36523,1.34367,0.455847,-2.37977
0.295896,-1.28906,1.2662,-47.876,838898771,0.376468,1.23551,-2.18821,0.383202,1.25405,-2.17484,0.403995,1.2465,-2.17484,0.396937,1.22807,-2.18821,0.419933,1.35517,-2.37977,0.427258,1.37534,-2.36523,0.450141,1.36703,-2.36523,0.442465,1.34699,-2.37977
-0.0276436,-1.30533,-0.0783644,-2.07826,838899206,1.28987,-0.0898685,-2.23194,1.30957,-0.0922762,-2.21875,1.30651,-0.114185,-2.21875,1.28685,-0.111436,-2.23194,1.41454,-0.105087,-2.42464,1.43597,-0.107706,-2.4103,1.4326,-0.131817,-2.4103,1.41122,-0.128828,-2.42464
0.143508,-1.30531,-0.0438487,56.5913,838899208,1.29223,-0.0453082,-2.23194,1.31201,-0.0470264,-2.21875,1.30971,-0.0690287,-2.21875,1.28997,-0.0669683,-2.23194,1.41736,-0.0561631,-2.42464,1.43887,-0.0580319,-2.4103,1.43634,-0.0822464,-2.4103,1.41487,-0.0800053,-2.42464
0.0601966,-1.30606,-0.0265147,-4.14526,838899209,1.2915,-0.0228606,-2.23194,1.3113,-0.0242304,-2.21875,1.30977,-0.0462994,-2.21875,1.29,-0.0445865,-2.23194,1.41678,-0.0315276,-2.42464,1.43831,-0.0330174,-2.4103,1.43663,-0.0573054,-2.4103,1.41512,-0.0554422,-2.42464
0.184285,-1.3053,-0.00933374,12.3852,838899210,1.29304,-0.000692618,-2.23194,1.31286,-0.00171923,-2.21875,1.31133,-0.0237883,-2.21875,1.29153,-0.0224185,-2.23194,1.41846,-0.00717078,-2.42464,1.44002,-0.00828741,-2.4103,1.43834,-0.0325753,-2.4103,1.41681,-0.0310854,-2.42464
-0.0530621,-1.30606,0.00799981,-4.43812,838899211,1.29152,0.0217157,-2.23194,1.31136,0.0210383,-2.21875,1.3106,-0.00107062,-2.21875,1.29078,-4.94131e-05,-2.23194,1.41702,0.0174294,-2.42464,1.4386,0.0166926,-2.4103,1.43777,-0.00763916,-2.4103,1.41621,-0.00652841,-2.42464
0.0244795,-1.3053,0.0251811,-3.92199,838899212,1.29228,0.0439237,-2.23194,1.31213,0.0435902,-2.21875,1.31137,0.0214812,-2.21875,1.29154,0.0221586,-2.23194,1.41786,0.0418302,-2.42464,1.43944,0.0414674,-2.4103,1.43861,0.0171356,-2.4103,1.41704,0.0178723,-2.42464
-0.060848,-1.30606,0.0425144,-4.486,838899213,1.28998,0.0662655,-2.23194,1.30983,0.0662813,-2.21875,1.30985,0.0441595,-2.21875,1.29,0.0444878,-2.23194,1.41556,0.0663652,-2.42464,1.43715,0.0663823,-2.4103,1.43717,0.0420363,-2.4103,1.41558,0.0423934,-2.42464
0.0735378,-1.30532,0.0596963,4.49644,838899214,1.28997,0.0884865,-2.23194,1.30981,0.0888463,-2.21875,1.30983,0.0667245,-2.21875,1.28998,0.0667087,-2.23194,1.41554,0.0907801,-2.42464,1.43713,0.0911714,-2.4103,1.43715,0.0668255,-2.4103,1.41556,0.0668083,-2.42464
0.0629261,-1.30609,0.0770297,-4.85322,838899215,1.28689,0.110735,-2.23194,1.30673,0.111443,-2.21875,1.30752,0.0893357,-2.21875,1.28767,0.0889707,-2.23194,1.41239,0.11522,-2.42464,1.43396,0.115991,-2.4103,1.43483,0.0916605,-2.4103,1.41324,0.0912634,-2.42464
0.091989,-1.30535,0.0942124,-4.21687,838899216,1.2861,0.132941,-2.23194,1.30592,0.133994,-2.21875,1.30671,0.111886,-2.21875,1.28688,0.111177,-2.23194,1.41152,0.139619,-2.42464,1.43308,0.140764,-2.4103,1.43395,0.116434,-2.4103,1.41237,0.115663,-2.42464
0.0627217,-1.30612,0.111546,-4.71383,838899217,1.28225,0.155068,-2.23194,1.30205,0.15647,-2.21875,1.30361,0.134403,-2.21875,1.28379,0.133345,-2.23194,1.40751,0.163934,-2.42464,1.42904,0.165458,-2.4103,1.43076,0.141173,-2.4103,1.4092,0.140022,-2.42464
-0.0174538,-1.30539,0.12873,-3.97445,838899218,1.28068,0.177234,-2.23194,1.30045,0.178978,-2.21875,1.30201,0.156912,-2.21875,1.28222,0.15551,-2.23194,1.40579,0.188288,-2.42464,1.42729,0.190185,-2.4103,1.42901,0.1659,-2.4103,1.40748,0.164376,-2.42464
0.0620426,-1.30617,0.146064,27.8838,838899219,1.27606,0.199213,-2.23194,1.2958,0.201305,-2.21875,1.29813,0.179306,-2.21875,1.27836,0.177557,-2.23194,1.40094,0.212448,-2.42464,1.4224,0.214723,-2.4103,1.42497,0.190513,-2.4103,1.40346,0.18861,-2.42464
0.206599,-1.30544,0.163249,-7.91767,838899220,1.27372,0.22131,-2.23194,1.29342,0.223744,-2.21875,1.29575,0.201745,-2.21875,1.27601,0.199654,-2.23194,1.39836,0.236727,-2.42464,1.41979,0.239374,-2.4103,1.42236,0.215164,-2.4103,1.40089,0.212889,-2.42464
0.0257649,-1.3062,0.184484,-4.04009,838899221,1.26746,0.248115,-2.23194,1.28711,0.25089,-2.21875,1.2902,0.228985,-2.21875,1.2705,0.226552,-2.23194,1.3918,0.265671,-2.42464,1.41318,0.268689,-2.4103,1.41658,0.244582,-2.4103,1.39515,0.241935,-2.42464
-0.0751162,-1.30541,0.201666,-3.57015,838899222,1.26435,0.270118,-2.23194,1.28396,0.273233,-2.21875,1.28705,0.251329,-2.21875,1.2674,0.248554,-2.23194,1.38839,0.289847,-2.42464,1.40971,0.293235,-2.4103,1.41311,0.269128,-2.4103,1.39174,0.26611,-2.42464
0.119575,-1.30614,0.219003,45.6277,838899223,1.25822,0.291723,-2.23194,1.27776,0.295182,-2.21875,1.28161,0.273399,-2.21875,1.26201,0.270278,-2.23194,1.38187,0.313611,-2.42464,1.40312,0.317373,-2.4103,1.40737,0.2934,-2.4103,1.38605,0.290006,-2.42464
0.0954114,-1.30537,0.236185,44.9757,838899224,1.25434,0.313604,-2.23194,1.27382,0.317402,-2.21875,1.27768,0.295618,-2.21875,1.25814,0.292159,-2.23194,1.37761,0.337652,-2.42464,1.3988,0.341783,-2.4103,1.40305,0.31781,-2.4103,1.38179,0.314047,-2.42464
0.00892873,-1.30607,0.288036,-4.42495,838899227,1.23519,0.377836,-2.23194,1.25444,0.382651,-2.21875,1.25981,0.36119,-2.21875,1.24047,0.356709,-2.23194,1.35701,0.408303,-2.42464,1.37795,0.41354,-2.4103,1.38386,0.389922,-2.4103,1.36283,0.385048,-2.42464
-0.0307353,-1.30531,0.305217,-4.40948,838899228,1.2298,0.399394,-2.23194,1.24897,0.404542,-2.21875,1.25433,0.383081,-2.21875,1.23508,0.378266,-2.23194,1.35109,0.431989,-2.42464,1.37194,0.437589,-2.4103,1.37785,0.41397,-2.4103,1.3569,0.408733,-2.42464
0.0565743,-1.30606,0.322551,-4.59144,838899229,1.22143,0.420238,-2.23194,1.24051,0.425722,-2.21875,1.24662,0.404462,-2.21875,1.22745,0.399308,-2.23194,1.34212,0.45494,-2.42464,1.36286,0.460906,-2.4103,1.36959,0.437508,-2.4103,1.34874,0.431902,-2.42464
0.0454832,-1.3053,0.339732,-4.86097,838899230,1.21529,0.441593,-2.23194,1.23427,0.447408,-2.21875,1.24038,0.426148,-2.21875,1.22131,0.420664,-2.23194,1.33537,0.478405,-2.42464,1.35601,0.484729,-2.4103,1.36274,0.461332,-2.4103,1.342,0.455366,-2.42464
0.171709,-1.30606,-0.341066,-36.5884,838899551,1.22106,-0.42132,-2.23194,1.23947,-0.428741,-2.21875,1.2312,-0.449258,-2.21875,1.21292,-0.441519,-2.23194,1.33753,-0.468273,-2.42464,1.35755,-0.476343,-2.4103,1.34845,-0.498924,-2.4103,1.32857,-0.490506,-2.42464
0.0709813,-1.32252,-0.0783677,-3.17476,838899718,1.28987,-0.0898675,-2.27679,1.30985,-0.0923014,-2.26367,1.30678,-0.114222,-2.26367,1.28685,-0.111435,-2.27679,1.41291,-0.105003,-2.47054,1.4345,-0.107633,-2.45637,1.43115,-0.131614,-2.45637,1.40961,-0.128602,-2.47054
0.0926128,-1.32325,-0.0265223,4.34697,838899721,1.2915,-0.0228616,-2.27679,1.31158,-0.0242505,-2.26367,1.31005,-0.0463318,-2.26367,1.29,-0.0445875,-2.27679,1.41516,-0.0314166,-2.47054,1.43685,-0.0329175,-2.45637,1.43518,-0.0570736,-2.45637,1.41352,-0.0551886,-2.47054
0.00241864,-1.32249,-0.00933698,-2.1302,838899722,1.29304,-0.000691692,-2.27679,1.31313,-0.00172501,-2.26367,1.31161,-0.0238063,-2.26367,1.29153,-0.0224176,-2.27679,1.41684,-0.00720059,-2.47054,1.43856,-0.00831727,-2.45637,1.43688,-0.0324734,-2.45637,1.41519,-0.0309726,-2.47054
-0.0808541,-1.32325,0.00799223,-3.41556,838899723,1.29152,0.0217147,-2.27679,1.31163,0.0210279,-2.26367,1.31088,-0.0010933,-2.26367,1.29078,-5.04066e-05,-2.27679,1.4154,0.0174838,-2.47054,1.43714,0.0167416,-2.45637,1.43631,-0.00745816,-2.45637,1.41459,-0.00633114,-2.47054
-0.0111135,-1.32249,0.0251779,-2.51196,838899724,1.29228,0.0439247,-2.27679,1.3124,0.043594,-2.26367,1.31165,0.0214728,-2.26367,1.29154,0.0221596,-2.27679,1.41623,0.0417436,-2.47054,1.43798,0.0413862,-2.45637,1.43715,0.0171864,-2.45637,1.41542,0.0179287,-2.47054
-0.0236685,-1.32326,0.0425069,-3.17882,838899725,1.28998,0.0662646,-2.27679,1.31011,0.0662805,-2.26367,1.31012,0.0441464,-2.26367,1.29,0.0444868,-2.27679,1.41394,0.0663629,-2.47054,1.43568,0.0663801,-2.45637,1.4357,0.0421663,-2.45637,1.41396,0.0425341,-2.47054
-0.114248,-1.3225,0.0596932,-2.8819,838899726,1.28997,0.0884875,-2.27679,1.31009,0.0888597,-2.26367,1.31011,0.0667257,-2.26367,1.28998,0.0667097,-2.27679,1.41392,0.0906368,-2.47054,1.43566,0.0910391,-2.45637,1.43568,0.0668253,-2.45637,1.41394,0.0668081,-2.47054
-0.0821298,-1.32328,0.0770222,-2.77808,838899727,1.28689,0.110734,-2.27679,1.307,0.111452,-2.26367,1.30779,0.0893324,-2.26367,1.28767,0.0889696,-2.27679,1.41077,0.115161,-2.47054,1.4325,0.115938,-2.45637,1.43336,0.0917394,-2.45637,1.41162,0.0913474,-2.47054
-0.00167546,-1.32253,0.0942093,-3.41858,838899728,1.2861,0.132942,-2.27679,1.3062,0.134017,-2.26367,1.30699,0.111897,-2.26367,1.28688,0.111178,-2.27679,1.4099,0.139419,-2.47054,1.43162,0.140581,-2.45637,1.43248,0.116383,-2.45637,1.41075,0.115606,-2.47054
-0.0307008,-1.32331,0.111539,-2.92355,838899729,1.28225,0.155068,-2.27679,1.30232,0.156488,-2.26367,1.30388,0.134409,-2.26367,1.28379,0.133344,-2.27679,1.40589,0.163819,-2.47054,1.42759,0.165354,-2.45637,1.4293,0.1412,-2.45637,1.40758,0.140049,-2.47054
0.0397869,-1.32257,0.128727,-2.50617,838899730,1.28068,0.177235,-2.27679,1.30073,0.179011,-2.26367,1.30229,0.156932,-2.26367,1.28222,0.155511,-2.27679,1.40418,0.188032,-2.47054,1.42584,0.189951,-2.45637,1.42755,0.165798,-2.45637,1.40586,0.164263,-2.47054
0.174365,-1.32336,0.146056,12.0962,838899731,1.27606,0.199212,-2.27679,1.29607,0.201333,-2.26367,1.2984,0.179322,-2.26367,1.27836,0.177556,-2.27679,1.39933,0.212276,-2.47054,1.42095,0.214568,-2.45637,1.4235,0.190489,-2.45637,1.40184,0.18858,-2.47054
0.103183,-1.32263,0.163246,-1.49069,838899732,1.27372,0.221311,-2.27679,1.29369,0.223786,-2.26367,1.29602,0.201776,-2.26367,1.27601,0.199655,-2.27679,1.39677,0.236415,-2.47054,1.41835,0.23909,-2.45637,1.4209,0.215011,-2.45637,1.39928,0.212719,-2.47054
0.205329,-1.32339,0.184477,-5.68065,838899733,1.26746,0.248115,-2.27679,1.28738,0.250928,-2.26367,1.29048,0.229011,-2.26367,1.2705,0.226551,-2.27679,1.3902,0.265444,-2.47054,1.41173,0.268484,-2.45637,1.41511,0.244508,-2.45637,1.39353,0.241849,-2.47054
0.766725,-1.3226,0.201663,-0.527088,838899734,1.26435,0.270119,-2.27679,1.28423,0.273285,-2.26367,1.28732,0.251368,-2.26367,1.2674,0.248555,-2.27679,1.3868,0.289479,-2.47054,1.40828,0.292901,-2.45637,1.41167,0.268925,-2.45637,1.39013,0.265884,-2.47054
0.201132,-1.32333,0.218996,0.24298,838899735,1.25822,0.291722,-2.27679,1.27803,0.295229,-2.26367,1.28189,0.273434,-2.26367,1.26201,0.270278,-2.27679,1.38027,0.313327,-2.47054,1.40168,0.317117,-2.45637,1.4059,0.293274,-2.45637,1.38443,0.289863,-2.47054
-0.0440323,-1.32255,0.236181,-2.48204,838899736,1.25434,0.313605,-2.27679,1.27409,0.317463,-2.26367,1.27795,0.295667,-2.26367,1.25814,0.29216,-2.27679,1.37604,0.33723,-2.47054,1.39739,0.341399,-2.45637,1.40161,0.317556,-2.45637,1.38019,0.313766,-2.47054
-0.0120054,-1.3225,0.305214,-3.02614,838899740,1.2298,0.399394,-2.27679,1.24923,0.404622,-2.26367,1.2546,0.383149,-2.26367,1.23508,0.378267,-2.27679,1.34955,0.431457,-2.47054,1.37055,0.437107,-2.45637,1.37643,0.413616,-2.45637,1.35533,0.408341,-2.47054
-0.0285646,-1.32325,0.322544,-3.35676,838899741,1.22143,0.420237,-2.27679,1.24077,0.425797,-2.26367,1.24689,0.404525,-2.26367,1.22745,0.399307,-2.27679,1.34056,0.454491,-2.47054,1.36146,0.460501,-2.45637,1.36815,0.43723,-2.45637,1.34715,0.431591,-2.47054
0.033773,-1.32249,0.339729,-3.3132,838899742,1.21529,0.441594,-2.27679,1.23453,0.447497,-2.26367,1.24065,0.426225,-2.26367,1.22131,0.420664,-2.27679,1.33385,0.47782,-2.47054,1.35464,0.484199,-2.45637,1.36134,0.460928,-2.45637,1.34044,0.454919,-2.47054
0.184144,-1.32333,1.26619,34.442,838899795,0.376469,1.23551,-2.27679,0.383339,1.25442,-2.26367,0.404143,1.24686,-2.26367,0.396938,1.22807,-2.27679,0.418787,1.35201,-2.47054,0.426211,1.37245,-2.45637,0.44897,1.36419,-2.45637,0.441184,1.34388,-2.47054
0.123638,-1.32326,-0.306559,18.589,838900065,1.23485,-0.378932,-2.27679,1.25377,-0.3858,-2.26367,1.24621,-0.406605,-2.26367,1.22742,-0.399403,-2.27679,1.35137,-0.421235,-2.47054,1.37181,-0.428656,-2.45637,1.36354,-0.451416,-2.45637,1.34323,-0.443633,-2.47054
0.271544,-1.33972,-0.112887,-0.155854,838900228,1.28595,-0.134318,-2.32205,1.30594,-0.137467,-2.30911,1.30211,-0.159268,-2.30911,1.28219,-0.155768,-2.32205,1.40679,-0.15346,-2.51684,1.42839,-0.156863,-2.50285,1.4242,-0.180712,-2.50285,1.40267,-0.176929,-2.51684
0.159929,-1.34046,-0.0955549,-4.32709,838900229,1.28679,-0.111876,-2.32205,1.30683,-0.114678,-2.30911,1.30376,-0.136599,-2.30911,1.28378,-0.133444,-2.32205,1.40794,-0.128817,-2.51684,1.42959,-0.131845,-2.50285,1.42624,-0.155826,-2.50285,1.40464,-0.152416,-2.51684
0.00893235,-1.33968,-0.0783702,-1.5194,838900230,1.28987,-0.0898675,-2.32205,1.30996,-0.0923165,-2.30911,1.30689,-0.114237,-2.30911,1.28685,-0.111435,-2.32205,1.4113,-0.104777,-2.51684,1.43301,-0.107424,-2.50285,1.42965,-0.131404,-2.50285,1.408,-0.128376,-2.51684
-0.144424,-1.34042,0.0425051,-0.61196,838900237,1.28998,0.0662646,-2.32205,1.31022,0.0662806,-2.30911,1.31023,0.0441465,-2.30911,1.29,0.0444868,-2.32205,1.41231,0.0663616,-2.51684,1.43417,0.0663789,-2.50285,1.43419,0.0421651,-2.50285,1.41233,0.0425328,-2.51684
-0.0185215,-1.33967,0.0596907,-1.91158,838900238,1.28997,0.0884875,-2.32205,1.3102,0.0888599,-2.30911,1.31022,0.0667258,-2.30911,1.28998,0.0667097,-2.32205,1.41229,0.0906355,-2.51684,1.43415,0.0910379,-2.50285,1.43417,0.0668241,-2.50285,1.41231,0.0668067,-2.51684
0.0566188,-1.34044,0.0770204,-38.8574,838900239,1.28689,0.110734,-2.32205,1.30711,0.111456,-2.30911,1.3079,0.0893363,-2.30911,1.28767,0.0889696,-2.32205,1.40914,0.115103,-2.51684,1.43099,0.115884,-2.50285,1.43185,0.0916854,-2.50285,1.40999,0.0912892,-2.51684
0.122379,-1.33969,0.0942069,-2.36695,838900240,1.2861,0.132942,-2.32205,1.3063,0.134021,-2.30911,1.3071,0.111901,-2.30911,1.28688,0.111178,-2.32205,1.40827,0.139361,-2.51684,1.43011,0.140527,-2.50285,1.43097,0.116329,-2.50285,1.40912,0.115548,-2.51684
-0.0901217,-1.34048,0.111537,-0.80822,838900241,1.28225,0.155067,-2.32205,1.30243,0.156496,-2.30911,1.30399,0.134417,-2.30911,1.28379,0.133344,-2.32205,1.40427,0.163704,-2.51684,1.42608,0.165247,-2.50285,1.42779,0.141094,-2.50285,1.40595,0.139934,-2.51684
-0.0396007,-1.34052,0.146055,-1.81371,838900243,1.27606,0.199212,-2.32205,1.29618,0.201344,-2.30911,1.29851,0.179334,-2.30911,1.27836,0.177556,-2.32205,1.3977,0.212105,-2.51684,1.41945,0.214409,-2.50285,1.422,0.19033,-2.50285,1.40022,0.188409,-2.51684
0.05293,-1.33979,0.163244,-44.1655,838900244,1.27372,0.221311,-2.32205,1.2938,0.223798,-2.30911,1.29613,0.201787,-2.30911,1.27601,0.199655,-2.32205,1.39515,0.236243,-2.51684,1.41685,0.238931,-2.50285,1.4194,0.214852,-2.50285,1.39766,0.212547,-2.51684
0.488993,-1.34055,0.184475,3.03856,838900245,1.26746,0.248115,-2.32205,1.28749,0.250943,-2.30911,1.29059,0.229026,-2.30911,1.2705,0.226551,-2.32205,1.38858,0.265216,-2.51684,1.41023,0.268272,-2.50285,1.41362,0.244296,-2.50285,1.39191,0.241621,-2.51684
8.21969,-1.33976,0.20166,0.120407,838900246,1.26435,0.270119,-2.32205,1.28434,0.2733,-2.30911,1.28743,0.251384,-2.30911,1.2674,0.248555,-2.32205,1.38519,0.289251,-2.51684,1.40678,0.292689,-2.50285,1.41017,0.268713,-2.50285,1.38852,0.265657,-2.51684
0.453468,-1.3405,0.218994,3.01086,838900247,1.25822,0.291722,-2.32205,1.27814,0.295248,-2.30911,1.28199,0.273453,-2.30911,1.26201,0.270277,-2.32205,1.37867,0.313043,-2.51684,1.4002,0.316854,-2.50285,1.40442,0.293011,-2.50285,1.38282,0.289579,-2.51684
0.0742917,-1.33972,0.236179,-2.66678,838900248,1.25434,0.313605,-2.32205,1.2742,0.317482,-2.30911,1.27806,0.295687,-2.30911,1.25814,0.29216,-2.32205,1.37444,0.336946,-2.51684,1.3959,0.341135,-2.50285,1.40012,0.317292,-2.50285,1.37859,0.313481,-2.51684
-0.0443256,-1.33965,0.339726,-3.32389,838900254,1.21529,0.441594,-2.32205,1.23464,0.447528,-2.30911,1.24075,0.426255,-2.30911,1.22131,0.420664,-2.32205,1.33229,0.47737,-2.51684,1.35319,0.483782,-2.50285,1.35988,0.460511,-2.50285,1.33887,0.454469,-2.51684
0.437874,-1.3405,-0.479138,46.4701,838900567,1.15136,-0.585293,-2.32205,1.16889,-0.595397,-2.30911,1.15784,-0.614573,-2.30911,1.14049,-0.60416,-2.32205,1.25734,-0.646385,-2.51684,1.27628,-0.657305,-2.50285,1.26419,-0.678282,-2.50285,1.24544,-0.66703,-2.51684
0.244877,-1.35769,-0.164593,-35.0166,838900737,1.27588,-0.200345,-2.36792,1.29578,-0.204561,-2.35515,1.29119,-0.226215,-2.35515,1.27137,-0.22165,-2.36792,1.39395,-0.225362,-2.56372,1.41545,-0.229918,-2.54992,1.41043,-0.253606,-2.54992,1.38901,-0.248673,-2.56372
0.0442645,-1.35756,0.0425034,-2.04724,838900749,1.28998,0.0662646,-2.36792,1.31032,0.0662807,-2.35515,1.31034,0.0441466,-2.35515,1.29,0.0444868,-2.36792,1.41067,0.0663603,-2.56372,1.43265,0.0663777,-2.54992,1.43267,0.0421639,-2.54992,1.41069,0.0425315,-2.56372
0.0359838,-1.3568,0.0596883,-2.65225,838900750,1.28997,0.0884875,-2.36792,1.31031,0.0888599,-2.35515,1.31032,0.0667258,-2.35515,1.28998,0.0667097,-2.36792,1.41065,0.0906343,-2.56372,1.43263,0.0910367,-2.54992,1.43265,0.0668229,-2.54992,1.41067,0.0668055,-2.56372
0.0691695,-1.35758,0.0770187,-24.696,838900751,1.28689,0.110734,-2.36792,1.30722,0.11146,-2.35515,1.30801,0.0893401,-2.35515,1.28767,0.0889697,-2.36792,1.4075,0.115044,-2.56372,1.42947,0.115829,-2.54992,1.43033,0.091631,-2.54992,1.40835,0.0912307,-2.56372
0.0276205,-1.35683,0.0942045,-2.69219,838900752,1.2861,0.132942,-2.36792,1.30641,0.134025,-2.35515,1.3072,0.111905,-2.35515,1.28688,0.111178,-2.36792,1.40664,0.139303,-2.56372,1.42859,0.140473,-2.54992,1.42945,0.116274,-2.54992,1.40749,0.115489,-2.56372
0.00158566,-1.35761,0.111535,-2.72811,838900753,1.28225,0.155067,-2.36792,1.30254,0.156503,-2.35515,1.3041,0.134424,-2.35515,1.28379,0.133344,-2.36792,1.40264,0.163588,-2.56372,1.42456,0.16514,-2.54992,1.42627,0.140986,-2.54992,1.40432,0.139819,-2.56372
-0.029666,-1.35766,0.146053,-2.01152,838900755,1.27606,0.199212,-2.36792,1.29629,0.201356,-2.35515,1.29862,0.179345,-2.35515,1.27836,0.177556,-2.36792,1.39608,0.211932,-2.56372,1.41793,0.214248,-2.54992,1.42049,0.190169,-2.54992,1.39859,0.188236,-2.56372
-0.0209895,-1.35692,0.163241,-2.28539,838900756,1.27372,0.221311,-2.36792,1.29391,0.223809,-2.35515,1.29624,0.201798,-2.35515,1.27601,0.199655,-2.36792,1.39352,0.236071,-2.56372,1.41533,0.23877,-2.54992,1.41789,0.214691,-2.54992,1.39603,0.212375,-2.56372
-1.48022e-05,-1.35769,0.184473,-3.10908,838900757,1.26746,0.248115,-2.36792,1.2876,0.250958,-2.35515,1.29069,0.229041,-2.35515,1.2705,0.226551,-2.36792,1.38696,0.264987,-2.56372,1.40872,0.26806,-2.54992,1.41211,0.244084,-2.54992,1.39029,0.241392,-2.56372
0.200573,-1.35689,0.201658,8.50981,838900758,1.26435,0.270119,-2.36792,1.28444,0.273316,-2.35515,1.28754,0.251399,-2.35515,1.2674,0.248555,-2.36792,1.38357,0.289022,-2.56372,1.40528,0.292477,-2.54992,1.40866,0.268501,-2.54992,1.3869,0.265428,-2.56372
0.0664803,-1.35764,0.218992,-2.90731,838900759,1.25822,0.291722,-2.36792,1.27824,0.295267,-2.35515,1.2821,0.273472,-2.35515,1.26201,0.270277,-2.36792,1.37705,0.312758,-2.56372,1.3987,0.316589,-2.54992,1.40292,0.292746,-2.54992,1.38121,0.289294,-2.56372
-0.0768772,-1.35685,0.236176,-3.3393,838900760,1.25434,0.313605,-2.36792,1.27431,0.317501,-2.35515,1.27817,0.295705,-2.35515,1.25814,0.29216,-2.36792,1.37282,0.33666,-2.56372,1.3944,0.34087,-2.54992,1.39862,0.317027,-2.54992,1.37698,0.313196,-2.56372
0.0195348,-1.35678,0.339724,-2.17606,838900766,1.21529,0.441594,-2.36792,1.23474,0.447557,-2.35515,1.24086,0.426285,-2.35515,1.22131,0.420664,-2.36792,1.33071,0.476917,-2.56372,1.35173,0.483361,-2.54992,1.35842,0.46009,-2.54992,1.3373,0.454016,-2.56372
0.228304,-1.35678,0.374239,-6.40967,838900768,1.19932,0.483262,-2.36792,1.21855,0.4899,-2.35515,1.22541,0.468855,-2.35515,1.20607,0.462555,-2.36792,1.31344,0.522594,-2.56372,1.33422,0.529768,-2.54992,1.34172,0.506745,-2.54992,1.32082,0.499937,-2.56372
0.0980291,-1.35769,-0.513659,37.4005,838901077,1.13041,-0.62464,-2.36792,1.14767,-0.635407,-2.35515,1.13595,-0.654186,-2.35515,1.11889,-0.643116,-2.36792,1.2328,-0.688529,-2.56372,1.25145,-0.700165,-2.54992,1.23863,-0.720708,-2.54992,1.22019,-0.708745,-2.56372
0.34296,-1.35756,-0.306562,49.7988,838901089,1.23485,-0.378932,-2.36792,1.25397,-0.385874,-2.35515,1.24642,-0.406679,-2.35515,1.22742,-0.399403,-2.36792,1.34829,-0.42012,-2.56372,1.36895,-0.427621,-2.54992,1.36069,-0.450381,-2.54992,1.34016,-0.442518,-2.56372
-0.181442,-1.37466,0.0425017,-2.36934,838901261,1.28998,0.0662646,-2.41441,1.31043,0.0662808,-2.40181,1.31045,0.0441467,-2.40181,1.29,0.0444868,-2.41441,1.40902,0.066359,-2.61122,1.43112,0.0663765,-2.5976,1.43114,0.0421627,-2.5976,1.40904,0.0425302,-2.61122
0.184815,-1.3739,0.0596859,1.67761,838901262,1.28997,0.0884875,-2.41441,1.31041,0.08886,-2.40181,1.31043,0.0667259,-2.40181,1.28998,0.0667097,-2.41441,1.40901,0.0906329,-2.61122,1.4311,0.0910355,-2.5976,1.43112,0.0668217,-2.5976,1.40902,0.0668041,-2.61122
1.29423,-1.37469,0.077017,0.888016,838901263,1.28689,0.110734,-2.41441,1.30733,0.111464,-2.40181,1.30812,0.0893439,-2.40181,1.28767,0.0889696,-2.41441,1.40586,0.114985,-2.61122,1.42794,0.115775,-2.5976,1.4288,0.0915763,-2.5976,1.40671,0.0911719,-2.61122
-0.112961,-1.37393,0.0942021,-1.51112,838901264,1.2861,0.132942,-2.41441,1.30652,0.134029,-2.40181,1.30731,0.111909,-2.40181,1.28688,0.111178,-2.41441,1.40499,0.139244,-2.61122,1.42706,0.140418,-2.5976,1.42792,0.11622,-2.5976,1.40584,0.11543,-2.61122
-0.0056982,-1.37472,0.111533,-1.33388,838901265,1.28225,0.155068,-2.41441,1.30264,0.156511,-2.40181,1.30421,0.134432,-2.40181,1.28379,0.133344,-2.41441,1.40099,0.163472,-2.61122,1.42303,0.165032,-2.5976,1.42474,0.140878,-2.5976,1.40267,0.139702,-2.61122
-0.044912,-1.37477,0.146051,-1.637,838901267,1.27606,0.199212,-2.41441,1.29639,0.201367,-2.40181,1.29873,0.179356,-2.40181,1.27836,0.177556,-2.41441,1.39444,0.211758,-2.61122,1.41641,0.214087,-2.5976,1.41896,0.190008,-2.5976,1.39695,0.188062,-2.61122
-0.0087934,-1.37403,0.163239,-2.06456,838901268,1.27372,0.221311,-2.41441,1.29401,0.22382,-2.40181,1.29635,0.20181,-2.40181,1.27601,0.199655,-2.41441,1.39188,0.235897,-2.61122,1.41381,0.238609,-2.5976,1.41636,0.21453,-2.5976,1.39439,0.212201,-2.61122
-0.00980144,-1.3748,0.184471,-1.74234,838901269,1.26746,0.248115,-2.41441,1.2877,0.250973,-2.40181,1.2908,0.229056,-2.40181,1.2705,0.226551,-2.41441,1.38533,0.264757,-2.61122,1.40721,0.267846,-2.5976,1.41059,0.24387,-2.5976,1.38866,0.241162,-2.61122
0.00601347,-1.374,0.201655,-1.75246,838901270,1.26435,0.270119,-2.41441,1.28455,0.27333,-2.40181,1.28764,0.251414,-2.40181,1.2674,0.248555,-2.41441,1.38194,0.288792,-2.61122,1.40376,0.292262,-2.5976,1.40715,0.268286,-2.5976,1.38527,0.265197,-2.61122
0.0259028,-1.37474,0.21899,-1.87183,838901271,1.25822,0.291722,-2.41441,1.27835,0.295286,-2.40181,1.28221,0.27349,-2.40181,1.26201,0.270277,-2.41441,1.37543,0.312471,-2.61122,1.39719,0.316322,-2.5976,1.40141,0.292479,-2.5976,1.37959,0.289007,-2.61122
0.0242764,-1.37395,0.236174,-2.60661,838901272,1.25434,0.313605,-2.41441,1.27441,0.317519,-2.40181,1.27827,0.295724,-2.40181,1.25814,0.29216,-2.41441,1.3712,0.336373,-2.61122,1.39289,0.340603,-2.5976,1.39711,0.31676,-2.5976,1.37536,0.312909,-2.61122
0.11809,-1.37466,0.322538,18.4041,838901277,1.22143,0.420237,-2.41441,1.24108,0.425887,-2.40181,1.2472,0.404615,-2.40181,1.22745,0.399307,-2.41441,1.33584,0.453133,-2.61122,1.35707,0.459239,-2.5976,1.36376,0.435968,-2.5976,1.34242,0.430232,-2.61122
-0.0157204,-1.37388,0.339721,-2.37948,838901278,1.21529,0.441594,-2.41441,1.23484,0.447587,-2.40181,1.24096,0.426315,-2.40181,1.22131,0.420664,-2.41441,1.32913,0.476462,-2.61122,1.35026,0.482938,-2.5976,1.35695,0.459667,-2.5976,1.33571,0.453561,-2.61122
0.122541,-1.37466,0.357053,24.6507,838901279,1.20621,0.462132,-2.41441,1.22565,0.468465,-2.40181,1.2325,0.447419,-2.40181,1.21295,0.441425,-2.41441,1.31939,0.499004,-2.61122,1.3404,0.505848,-2.5976,1.3479,0.482825,-2.5976,1.32677,0.476347,-2.61122
0.765675,-1.37389,0.374236,0.7895,838901280,1.19932,0.483262,-2.41441,1.21865,0.489933,-2.40181,1.22551,0.468888,-2.40181,1.20607,0.462555,-2.41441,1.31187,0.522084,-2.61122,1.33276,0.529294,-2.5976,1.34026,0.506271,-2.5976,1.31925,0.499427,-2.61122
0.334893,-1.37466,0.391568,1.13553,838901281,1.18953,0.503469,-2.41441,1.20873,0.510477,-2.40181,1.21632,0.489684,-2.40181,1.19699,0.483011,-2.41441,1.30135,0.544272,-2.61122,1.32211,0.551845,-2.5976,1.33041,0.529098,-2.5976,1.30952,0.521887,-2.61122
0.141149,-1.39097,-0.0093468,43.3793,838901770,1.29304,-0.000691729,-2.46155,1.31356,-0.00175456,-2.44911,1.31203,-0.0238359,-2.44911,1.29153,-0.0224176,-2.46154,1.41028,-0.00674722,-2.65934,1.43246,-0.00789578,-2.64591,1.43079,-0.0320519,-2.64591,1.40864,-0.0305192,-2.65934
-0.173905,-1.39175,0.0425,-1.68608,838901773,1.28998,0.0662645,-2.46155,1.31054,0.0662809,-2.44911,1.31055,0.0441468,-2.44911,1.29,0.0444867,-2.46154,1.40737,0.0663576,-2.65934,1.42958,0.0663753,-2.64591,1.4296,0.0421615,-2.64591,1.40739,0.0425288,-2.65934
0.0384836,-1.39098,0.0596835,-0.25301,838901774,1.28997,0.0884875,-2.46155,1.31052,0.0888602,-2.44911,1.31054,0.0667261,-2.44911,1.28998,0.0667097,-2.46154,1.40735,0.0906316,-2.65934,1.42956,0.0910343,-2.64591,1.42958,0.0668205,-2.64591,1.40737,0.0668028,-2.65934
0.0662808,-1.39177,0.0770154,-1.47356,838901775,1.28689,0.110734,-2.46155,1.30743,0.111468,-2.44911,1.30822,0.0893477,-2.44911,1.28767,0.0889696,-2.46154,1.4042,0.114926,-2.65934,1.4264,0.11572,-2.64591,1.42726,0.0915213,-2.64591,1.40505,0.0911127,-2.65934
0.016948,-1.39101,0.0941997,-1.88459,838901776,1.2861,0.132942,-2.46154,1.30662,0.134032,-2.44911,1.30741,0.111912,-2.44911,1.28688,0.111178,-2.46154,1.40334,0.139185,-2.65934,1.42552,0.140363,-2.64591,1.42638,0.116164,-2.64591,1.40419,0.115371,-2.65934
-0.10069,-1.39181,0.111532,-1.86673,838901777,1.28225,0.155067,-2.46154,1.30275,0.156518,-2.44911,1.30431,0.134439,-2.44911,1.28379,0.133344,-2.46154,1.39934,0.163355,-2.65934,1.42149,0.164923,-2.64591,1.4232,0.140769,-2.64591,1.40102,0.139586,-2.65934
-0.0484719,-1.39097,0.339719,-1.92439,838901790,1.21529,0.441594,-2.46154,1.23494,0.447616,-2.44911,1.24106,0.426344,-2.44911,1.22131,0.420664,-2.46154,1.32754,0.476005,-2.65934,1.34878,0.482512,-2.64591,1.35547,0.459241,-2.64591,1.33412,0.453104,-2.65934
0.118242,-1.39174,0.357051,27.8505,838901791,1.20621,0.462132,-2.46155,1.22575,0.468497,-2.44911,1.2326,0.447452,-2.44911,1.21295,0.441425,-2.46154,1.31782,0.498491,-2.65934,1.33893,0.50537,-2.64591,1.34643,0.482347,-2.64591,1.3252,0.475834,-2.65934
-0.0419163,-1.40815,0.094196,-2.92758,838902288,1.2861,0.132943,-2.5098,1.30692,0.134056,-2.49743,1.30771,0.111924,-2.49743,1.28688,0.111179,-2.5098,1.4018,0.138995,-2.7085,1.42416,0.14019,-2.69522,1.42502,0.116117,-2.69522,1.40265,0.115317,-2.7085
0.126241,-1.40895,0.111524,-21.4851,838902289,1.28225,0.155067,-2.5098,1.30304,0.156538,-2.49743,1.30461,0.134448,-2.49743,1.28379,0.133343,-2.5098,1.39781,0.163245,-2.7085,1.42014,0.164826,-2.69522,1.42184,0.140797,-2.69522,1.39948,0.139611,-2.7085
-0.0149062,-1.40811,0.339715,-3.13853,838902302,1.21529,0.441595,-2.5098,1.23522,0.44771,-2.49743,1.24134,0.426426,-2.49743,1.22131,0.420665,-2.5098,1.3261,0.47545,-2.7085,1.3475,0.482017,-2.69522,1.35416,0.458866,-2.69522,1.33264,0.452679,-2.7085
0.452074,-1.40811,2.46863,50.9787,838902424,-1.01818,0.797013,-2.5098,-1.03393,0.810676,-2.49743,-1.01912,0.827145,-2.49743,-1.00362,0.813208,-2.5098,-1.10561,0.873038,-2.7085,-1.12252,0.887712,-2.69522,-1.10642,0.905626,-2.69522,-1.08977,0.890658,-2.7085
0.16783,-1.40897,-1.52635,38.2694,838902555,0.0688023,-1.28976,-2.5098,0.0688161,-1.3106,-2.49743,0.0466703,-1.31062,-2.49743,0.0470245,-1.28977,-2.5098,0.068879,-1.4056,-2.7085,0.0688939,-1.42799,-2.69522,0.0448054,-1.42801,-2.69522,0.0451857,-1.40562,-2.7085
0.414303,-1.42608,0.0424908,49.3244,838902797,1.28998,0.0662637,-2.55868,1.31093,0.0662802,-2.54647,1.31094,0.0441344,-2.54647,1.29,0.0444859,-2.55868,1.40428,0.0663543,-2.75827,1.42678,0.0663721,-2.74516,1.42679,0.0422836,-2.74516,1.4043,0.0426611,-2.75827
0.102037,-1.42613,0.111523,12.799,838902801,1.28225,0.155066,-2.55868,1.30314,0.156545,-2.54647,1.3047,0.134455,-2.54647,1.28379,0.133343,-2.55868,1.39626,0.163136,-2.75827,1.4187,0.164724,-2.74516,1.4204,0.140696,-2.74516,1.39794,0.139502,-2.75827
0.194339,-1.42621,-1.2118,39.3681,838903085,0.464436,-1.20512,-2.55868,0.47092,-1.22503,-2.54647,0.449863,-1.23189,-2.54647,0.443729,-1.21186,-2.55868,0.499826,-1.3138,-2.75827,0.50679,-1.33519,-2.74516,0.483885,-1.34265,-2.74516,0.477297,-1.32114,-2.75827
0.117942,-1.44324,-0.0610553,4.46114,838903303,1.28992,-0.0674111,-2.60821,1.31085,-0.0695949,-2.59617,1.30855,-0.091621,-2.59617,1.28766,-0.0890712,-2.60821,1.40206,-0.0791162,-2.80869,1.42453,-0.0814615,-2.79575,1.42203,-0.10542,-2.79575,1.3996,-0.102681,-2.80869
0.136549,-1.44331,0.218977,-17.4219,838903319,1.25822,0.291721,-2.60821,1.27893,0.295388,-2.59617,1.28279,0.273581,-2.59617,1.26201,0.270277,-2.60821,1.36924,0.311373,-2.80869,1.39148,0.315311,-2.79575,1.39568,0.291591,-2.79575,1.37337,0.288042,-2.80869
0.159061,-1.46037,0.426069,18.3658,838903843,1.17141,0.544198,-2.65843,1.19099,0.552129,-2.64655,1.19931,0.531603,-2.64655,1.17959,0.524013,-2.65843,1.27447,0.585934,-2.85978,1.2955,0.594452,-2.84702,1.30454,0.572124,-2.84702,1.28336,0.563973,-2.85978
0.156838,-1.45957,-2.13827,44.2079,838904056,-0.685352,-1.09645,-2.65843,-0.697461,-1.11377,-2.64655,-0.715387,-1.10077,-2.64655,-0.70298,-1.08366,-2.65843,-0.749092,-1.18758,-2.85978,-0.762097,-1.20618,-2.84702,-0.781595,-1.19203,-2.84702,-0.76827,-1.17366,-2.85978
0.188707,-1.45957,-1.7892,45.3711,838904076,-0.269012,-1.26473,-2.65843,-0.274467,-1.28515,-2.64655,-0.29576,-1.27906,-2.64655,-0.28995,-1.25875,-2.65843,-0.297741,-1.37216,-2.85978,-0.3036,-1.39409,-2.84702,-0.32676,-1.38746,-2.84702,-0.320521,-1.36565,-2.85978
-0.0475079,-1.4767,0.0941876,-1.95323,838904336,1.2861,0.132943,-2.70935,1.30729,0.134069,-2.69763,1.30808,0.111937,-2.69763,1.28688,0.111179,-2.70935,1.39558,0.138773,-2.91156,1.41834,0.139982,-2.89897,1.4192,0.115909,-2.89897,1.39643,0.115095,-2.91156
-0.065898,-1.47751,0.111518,-1.91682,838904337,1.28225,0.155066,-2.70935,1.30342,0.156565,-2.69763,1.30498,0.134474,-2.69763,1.28379,0.133343,-2.70935,1.3916,0.162806,-2.91156,1.41433,0.164415,-2.89897,1.41603,0.140386,-2.89897,1.39327,0.139171,-2.91156
-0.0588402,-1.47674,0.128705,-2.11728,838904338,1.28068,0.177236,-2.70935,1.30182,0.179101,-2.69763,1.30339,0.157011,-2.69763,1.28222,0.155512,-2.70935,1.38989,0.186886,-2.91156,1.4126,0.188889,-2.89897,1.4143,0.164861,-2.89897,1.39157,0.163252,-2.91156
-0.00729837,-1.47756,0.146036,-1.93426,838904339,1.27606,0.199211,-2.70935,1.29716,0.201448,-2.69763,1.2995,0.179425,-2.69763,1.27836,0.177555,-2.70935,1.38507,0.210765,-2.91156,1.40773,0.213167,-2.89897,1.41027,0.189212,-2.89897,1.38757,0.187203,-2.91156
0.0932592,-1.4768,0.163225,0.365239,838904340,1.27372,0.221312,-2.70935,1.29478,0.223915,-2.69763,1.29712,0.201892,-2.69763,1.27601,0.199656,-2.70935,1.38253,0.234771,-2.91156,1.40515,0.237566,-2.89897,1.40769,0.213611,-2.89897,1.38502,0.211209,-2.91156
0.0696334,-1.47759,0.184455,-3.43243,838904341,1.26746,0.248114,-2.70935,1.28847,0.25108,-2.69763,1.29157,0.229152,-2.69763,1.2705,0.22655,-2.70935,1.376,0.263439,-2.91156,1.39857,0.266625,-2.89897,1.40194,0.242773,-2.89897,1.37932,0.239978,-2.91156
0.0236026,-1.47677,0.20164,-3.09622,838904342,1.26435,0.27012,-2.70935,1.28531,0.273451,-2.69763,1.28841,0.251523,-2.69763,1.2674,0.248556,-2.70935,1.37263,0.287342,-2.91156,1.39514,0.29092,-2.89897,1.39851,0.267068,-2.89897,1.37594,0.263882,-2.91156
0.0164728,-1.47753,0.218974,-2.6995,838904343,1.25822,0.291721,-2.70935,1.27911,0.29542,-2.69763,1.28297,0.273613,-2.69763,1.26201,0.270277,-2.70935,1.36616,0.310828,-2.91156,1.3886,0.3148,-2.89897,1.3928,0.291081,-2.89897,1.37029,0.287497,-2.91156
0.0421496,-1.47672,0.236159,-1.54703,838904344,1.25434,0.313605,-2.70935,1.27517,0.317667,-2.69763,1.27903,0.29586,-2.69763,1.25814,0.292161,-2.70935,1.36195,0.334599,-2.91156,1.38432,0.33896,-2.89897,1.38852,0.315241,-2.89897,1.36608,0.311268,-2.91156
0.135737,-1.47749,0.253492,23.3253,838904345,1.24745,0.334979,-2.70935,1.26821,0.339405,-2.69763,1.27283,0.317747,-2.69763,1.252,0.31368,-2.70935,1.35466,0.357844,-2.91156,1.37695,0.362598,-2.89897,1.38198,0.339039,-2.89897,1.35961,0.334672,-2.91156
-0.167145,-1.47668,0.270676,-2.94889,838904346,1.24282,0.356715,-2.70935,1.2635,0.361501,-2.69763,1.26811,0.339842,-2.69763,1.24736,0.335416,-2.70935,1.34963,0.381454,-2.91156,1.37184,0.386594,-2.89897,1.37686,0.363035,-2.89897,1.35457,0.358281,-2.91156
0.0240281,-1.47746,0.288008,-2.7969,838904347,1.23519,0.377835,-2.70935,1.25577,0.382983,-2.69763,1.26115,0.361499,-2.69763,1.24047,0.356707,-2.70935,1.34153,0.40443,-2.91156,1.36364,0.40996,-2.89897,1.36949,0.386591,-2.89897,1.34728,0.381445,-2.91156
0.0411893,-1.47666,0.305191,38.1216,838904348,1.2298,0.399395,-2.70935,1.25029,0.404901,-2.69763,1.25567,0.383417,-2.69763,1.23508,0.378268,-2.70935,1.33568,0.427849,-2.91156,1.35769,0.433762,-2.89897,1.36354,0.410393,-2.89897,1.34143,0.404864,-2.91156
-0.0667633,-1.47744,0.322523,-3.19377,838904349,1.22143,0.420236,-2.70935,1.24183,0.4261,-2.69763,1.24795,0.404817,-2.69763,1.22745,0.399306,-2.70935,1.32679,0.450529,-2.91156,1.34869,0.456828,-2.89897,1.35535,0.433677,-2.89897,1.33333,0.427759,-2.91156
0.0407159,-1.47665,0.339707,-31.7818,838904350,1.21529,0.441595,-2.70935,1.23558,0.447813,-2.69763,1.2417,0.42653,-2.69763,1.22131,0.420665,-2.70935,1.32011,0.47373,-2.91156,1.34191,0.480408,-2.89897,1.34857,0.457257,-2.89897,1.32666,0.450959,-2.91156
0.226069,-1.47751,1.15872,45.3583,838904397,0.506833,1.18799,-2.70935,0.516119,1.20707,-2.69763,0.536032,1.19738,-2.69763,0.526415,1.17846,-2.70935,0.554805,1.28656,-2.91156,0.564778,1.30705,-2.89897,0.586438,1.29651,-2.89897,0.576109,1.27619,-2.91156
0.187585,-1.4768,1.55949,23.0031,838904420,0.00322901,1.2928,-2.70935,0.00432359,1.31399,-2.69763,0.0264168,1.31247,-2.69763,0.0249551,1.2913,-2.70935,0.00886952,1.40229,-2.91156,0.0100451,1.42505,-2.89897,0.0340764,1.4234,-2.89897,0.0325065,1.40066,-2.91156
0.114129,-1.47753,2.31337,7.88007,838904463,-0.881745,0.943786,-2.70935,-0.895396,0.960033,-2.69763,-0.878441,0.974279,-2.69763,-0.865072,0.957796,-2.70935,-0.952264,1.02771,-2.91156,-0.966925,1.04516,-2.89897,-0.948482,1.06066,-2.89897,-0.934124,1.04296,-2.91156
0.151417,-1.47674,2.92123,-2.64714,838904498,-1.26406,0.271471,-2.70935,-1.28457,0.276949,-2.69763,-1.27848,0.298242,-2.69763,-1.25808,0.292411,-2.70935,-1.36999,0.299756,-2.91156,-1.39201,0.305639,-2.89897,-1.38539,0.3288,-2.89897,-1.36348,0.322537,-2.91156
0.0916619,-1.47744,-2.08642,-3.03948,838904571,-0.626956,-1.12935,-2.70935,-0.638187,-1.14735,-2.69763,-0.656977,-1.13563,-2.69763,-0.645434,-1.11782,-2.70935,-0.684975,-1.22236,-2.91156,-0.697037,-1.24169,-2.89897,-0.717475,-1.22894,-2.89897,-0.705078,-1.20982,-2.91156
0.132627,-1.47746,-0.75919,15.8029,838904647,0.944809,-0.880788,-2.70935,0.959561,-0.896041,-2.69763,0.943641,-0.911437,-2.69763,0.929154,-0.895927,-2.70935,1.02101,-0.959588,-2.91156,1.03686,-0.97597,-2.89897,1.01954,-0.992716,-2.89897,1.00398,-0.976059,-2.91156
0.222707,0.0488323,3.09847,48.3541,838928060,-1.28997,0.0665617,0.0748583,-1.29036,0.0665621,0.0513136,-1.29038,0.0447738,0.0513136,-1.28999,0.0447839,0.0748583,-1.51991,0.0667947,0.0805421,-1.52033,0.0667951,0.0550975,-1.52035,0.0409926,0.0550975,-1.51993,0.0410035,0.0805421
0.176516,0.13855,-1.47387,37.0656,838930718,0.114119,-1.2866,0.190634,0.114352,-1.28826,0.168522,0.13596,-1.28525,0.168522,0.135688,-1.28359,0.190634,0.145759,-1.51343,0.212083,0.146033,-1.5154,0.185971,0.171595,-1.51184,0.185971,0.171274,-1.50988,0.212083
0.219159,0.364161,-2.59,48.7516,838937310,-1.10572,-0.667378,0.492617,-1.11121,-0.67107,0.471046,-1.09898,-0.689252,0.471046,-1.09357,-0.685446,0.492617,-1.28725,-0.789531,0.563617,-1.29365,-0.793836,0.538467,-1.27932,-0.815133,0.538468,-1.27301,-0.810696,0.563617
0.216505,0.364142,-1.85735,44.2017,838937352,-0.375655,-1.23576,0.492617,-0.377262,-1.24217,0.471046,-0.356004,-1.2475,0.471046,-0.35453,-1.24105,0.492617,-0.428813,-1.448,0.563617,-0.430687,-1.45548,0.538468,-0.405786,-1.46172,0.538468,-0.404067,-1.4542,0.563617
0.255517,0.433636,-1.99932,34.1534,838939392,-0.546777,-1.17021,0.589926,-0.54978,-1.17762,0.56883,-0.529469,-1.18585,0.56883,-0.526592,-1.17839,0.589926,-0.627021,-1.3683,0.67498,-0.630523,-1.37695,0.650384,-0.606731,-1.38658,0.650384,-0.603377,-1.37788,0.67498
0.241984,0.455656,-2.83549,40.3154,838939856,-1.23494,-0.378651,0.621349,-1.24278,-0.381495,0.60039,-1.2353,-0.402123,0.60039,-1.22751,-0.399123,0.621349,-1.43458,-0.451086,0.709718,-1.44367,-0.454382,0.685425,-1.43495,-0.478424,0.685425,-1.42592,-0.474947,0.709718
0.232629,0.472541,-2.46908,49.9278,838940389,-1.01835,-0.796797,0.646196,-1.0249,-0.802466,0.62537,-1.01024,-0.818787,0.62537,-1.00379,-0.812996,0.646197,-1.17768,-0.93513,0.737862,-1.18528,-0.941701,0.713722,-1.16818,-0.960724,0.713722,-1.16071,-0.954011,0.737862
0.318869,0.507456,-2.55544,-12.4569,838941408,-1.0821,-0.705179,0.696394,-1.08963,-0.710643,0.675848,-1.07676,-0.728409,0.675848,-1.06932,-0.722811,0.696394,-1.25052,-0.82727,0.794583,-1.25925,-0.833603,0.770768,-1.24424,-0.85431,0.770768,-1.23562,-0.847822,0.794583
0.415224,0.593211,-2.45186,48.8071,838943974,-1.00351,-0.813312,0.824932,-1.01154,-0.820535,0.805196,-0.996861,-0.836876,0.805196,-0.98895,-0.82951,0.824932,-1.15234,-0.947054,0.938397,-1.1616,-0.955374,0.915665,-1.14458,-0.974313,0.915665,-1.13546,-0.965829,0.938397
0.556073,0.713068,-2.03373,13.6867,838947582,-0.586844,-1.15068,1.0151,-0.592095,-1.16245,0.996316,-0.57199,-1.17142,0.996316,-0.566957,-1.15956,1.0151,-0.663438,-1.32228,1.14775,-0.669401,-1.33564,1.12642,-0.646386,-1.34592,1.12642,-0.640671,-1.33244,1.14775
0.115102,0.763943,-2.05089,-1.69792,838949117,-0.607123,-1.14163,1.10098,-0.612897,-1.15398,1.08273,-0.592791,-1.16295,1.08273,-0.587236,-1.15051,1.10098,-0.684363,-1.30694,1.24107,-0.69092,-1.32096,1.22034,-0.667905,-1.33124,1.22034,-0.661597,-1.3171,1.24107
0.347099,0.781042,-2.81804,6.72111,838949585,-1.22945,-0.400447,1.13017,-1.24241,-0.405408,1.11211,-1.23418,-0.42583,1.11211,-1.22132,-0.420647,1.13017,-1.3981,-0.46499,1.2727,-1.41281,-0.470625,1.25218,-1.40339,-0.494002,1.25218,-1.38878,-0.488115,1.2727
0.278366,0.781613,-2.80087,1.11454,838949586,-1.22116,-0.421046,1.13017,-1.23402,-0.426229,1.11211,-1.22579,-0.446652,1.11211,-1.21302,-0.441246,1.13017,-1.38862,-0.488514,1.2727,-1.40323,-0.494401,1.25218,-1.39382,-0.517779,1.25218,-1.37931,-0.51164,1.2727
0.192292,0.78109,-2.67998,-4.99824,838949593,-1.16258,-0.565791,1.13017,-1.17472,-0.572509,1.11211,-1.16373,-0.591586,1.11211,-1.15171,-0.584661,1.13017,-1.3206,-0.653194,1.2727,-1.33438,-0.660823,1.25218,-1.3218,-0.68266,1.25218,-1.30815,-0.674796,1.2727
0.466024,0.80387,-2.80086,-6.56402,838950098,-1.22116,-0.421047,1.16882,-1.23439,-0.42638,1.15074,-1.22616,-0.446823,1.15074,-1.21302,-0.441247,1.16882,-1.38693,-0.487833,1.31362,-1.40185,-0.493844,1.29324,-1.39248,-0.517091,1.29324,-1.37767,-0.510805,1.31362
0.140475,0.803894,-2.52082,-20.1976,838950114,-1.05716,-0.742134,1.16882,-1.06842,-0.750909,1.15074,-1.05487,-0.768291,1.15074,-1.04377,-0.759309,1.16882,-1.19811,-0.852019,1.31362,-1.2108,-0.86191,1.29324,-1.19539,-0.881675,1.29324,-1.18288,-0.871551,1.31362
0.144128,0.803872,-2.41728,19.8578,838950120,-0.974843,-0.847455,1.16882,-0.985119,-0.857359,1.15074,-0.969824,-0.873228,1.15074,-0.95973,-0.863135,1.16882,-1.10352,-0.97148,1.31362,-1.11511,-0.982645,1.29324,-1.09771,-1.00069,1.29324,-1.08634,-0.989313,1.31362
0.132062,0.854834,-2.01635,-14.0313,838951679,-0.567358,-1.16187,1.26018,-0.573214,-1.17563,1.24266,-0.552786,-1.18391,1.24266,-0.547173,-1.17005,1.26018,-0.635107,-1.32116,1.41169,-0.641708,-1.33667,1.39194,-0.618479,-1.34608,1.39194,-0.612152,-1.33046,1.41169
0.199996,0.871983,3.04708,46.729,838952121,-1.28607,0.133219,1.2913,-1.30122,0.134026,1.27397,-1.30201,0.112,1.27397,-1.28685,0.111455,1.2913,-1.45698,0.142356,1.445,-1.47406,0.143266,1.42546,-1.47496,0.11822,1.42546,-1.45787,0.117605,1.445
0.186054,0.872587,-2.86987,5.73739,838952142,-1.24723,-0.335807,1.2913,-1.26167,-0.340481,1.27397,-1.25488,-0.361449,1.27397,-1.24052,-0.356526,1.2913,-1.41004,-0.38852,1.445,-1.42631,-0.393788,1.42546,-1.41859,-0.417632,1.42546,-1.40241,-0.412083,1.445
0.136137,0.872676,-2.62826,10.1947,838952156,-1.13056,-0.624386,1.2913,-1.14343,-0.632415,1.27397,-1.13177,-0.651116,1.27397,-1.11903,-0.642865,1.2913,-1.27576,-0.714947,1.445,-1.29027,-0.723998,1.42546,-1.27701,-0.745263,1.42546,-1.26265,-0.735962,1.445
0.454335,0.872577,-2.38275,-5.03345,838952170,-0.945008,-0.880575,1.2913,-0.955557,-0.891478,1.27397,-0.939717,-0.906803,1.27397,-0.929356,-0.895717,1.2913,-1.064,-1.00356,1.445,-1.07589,-1.01586,1.42546,-1.05788,-1.03328,1.42546,-1.0462,-1.02079,1.445
0.19149,0.871971,-2.36541,-11.566,838952171,-0.930526,-0.897755,1.2913,-0.940882,-0.908845,1.27397,-0.924517,-0.923607,1.27397,-0.914355,-0.912342,1.2913,-1.04737,-1.02282,1.445,-1.05904,-1.03532,1.42546,-1.04043,-1.05211,1.42546,-1.02898,-1.03941,1.445
0.103167,0.889134,-2.3654,20.5953,838952683,-0.930526,-0.897754,1.32289,-0.941072,-0.909026,1.30571,-0.924693,-0.923801,1.30571,-0.914355,-0.912341,1.32289,-1.04601,-1.02156,1.47862,-1.05781,-1.03418,1.45939,-1.03931,-1.05087,1.45939,-1.02774,-1.03804,1.47862
0.241571,0.906261,2.13794,43.8897,838953093,-0.685116,1.0966,1.3548,-0.694068,1.10942,1.3378,-0.711926,1.09647,1.3378,-0.702747,1.08382,1.3548,-0.781109,1.23379,1.51253,-0.791126,1.24814,1.4935,-0.811298,1.23352,1.4935,-0.801026,1.21935,1.51253
0.425538,0.906887,-2.76632,-1.09016,838953172,-1.2059,-0.462932,1.3548,-1.22019,-0.469279,1.3378,-1.21124,-0.489439,1.3378,-1.19706,-0.482836,1.3548,-1.35891,-0.53088,1.51253,-1.3749,-0.537982,1.4935,-1.36479,-0.560754,1.4935,-1.34892,-0.553365,1.51253
0.496338,0.906261,-2.74898,-4.65578,838953173,-1.19891,-0.484285,1.3548,-1.21309,-0.490874,1.3378,-1.20344,-0.51071,1.3378,-1.18938,-0.503868,1.3548,-1.35069,-0.554996,1.51253,-1.36656,-0.562369,1.4935,-1.35566,-0.584774,1.4935,-1.33992,-0.577118,1.51253
0.194315,0.9069,-2.7318,15.3936,838953174,-1.18919,-0.504259,1.3548,-1.20325,-0.5111,1.3378,-1.1936,-0.530936,1.3378,-1.17966,-0.523841,1.3548,-1.33973,-0.577509,1.51253,-1.35547,-0.585165,1.4935,-1.34457,-0.60757,1.4935,-1.32897,-0.599631,1.51253
0.292035,0.906923,-2.69729,-10.0364,838953176,-1.17105,-0.544976,1.3548,-1.18486,-0.552305,1.3378,-1.17452,-0.571791,1.3378,-1.16084,-0.564214,1.3548,-1.31894,-0.62344,1.51253,-1.3344,-0.63164,1.4935,-1.32272,-0.653651,1.4935,-1.30741,-0.645172,1.51253
0.135187,0.906369,-2.60701,9.17183,838953181,-1.11812,-0.648955,1.3548,-1.13125,-0.657452,1.3378,-1.11894,-0.675753,1.3378,-1.10596,-0.667023,1.3548,-1.2586,-0.740079,1.51253,-1.27329,-0.749587,1.4935,-1.25938,-0.770259,1.4935,-1.24486,-0.76049,1.51253
0.267339,0.923383,2.13795,47.056,838953605,-0.685116,1.0966,1.38705,-0.694186,1.10959,1.37024,-0.712044,1.09664,1.37024,-0.702747,1.08382,1.38705,-0.779998,1.23226,1.54677,-0.790148,1.24679,1.52795,-0.81032,1.23217,1.52795,-0.799915,1.21782,1.54677
0.329678,0.923377,-2.818,-2.127,838953681,-1.22946,-0.400445,1.38705,-1.24425,-0.406103,1.37024,-1.23601,-0.426563,1.37024,-1.22132,-0.420645,1.38705,-1.38404,-0.459681,1.54677,-1.4006,-0.466012,1.52795,-1.39129,-0.489123,1.52795,-1.37485,-0.4825,1.54677
0.156153,0.923383,-2.74898,1.88986,838953685,-1.19891,-0.484285,1.38705,-1.21327,-0.490963,1.37024,-1.20362,-0.510798,1.37024,-1.18938,-0.503868,1.38705,-1.34899,-0.554168,1.54677,-1.36506,-0.561641,1.52795,-1.35416,-0.584045,1.52795,-1.33822,-0.57629,1.54677
0.17653,0.924053,-2.69728,-11.4769,838953688,-1.17105,-0.544976,1.38705,-1.18504,-0.552399,1.37024,-1.1747,-0.571885,1.37024,-1.16084,-0.564214,1.38705,-1.31727,-0.622553,1.54677,-1.33293,-0.63086,1.52795,-1.32125,-0.65287,1.52795,-1.30574,-0.644286,1.54677
0.158875,0.924087,-2.66277,25.5185,838953690,-1.1515,-0.585035,1.38705,-1.16522,-0.592942,1.37024,-1.15421,-0.612056,1.37024,-1.14062,-0.603905,1.38705,-1.29492,-0.667672,1.54677,-1.31027,-0.67652,1.52795,-1.29784,-0.698109,1.52795,-1.28264,-0.688988,1.54677
0.181683,0.923492,-2.607,27.1373,838953693,-1.11812,-0.648955,1.38705,-1.13142,-0.657564,1.37024,-1.1191,-0.675865,1.37024,-1.10596,-0.667023,1.38705,-1.25703,-0.739023,1.54677,-1.27191,-0.748657,1.52795,-1.258,-0.769329,1.52795,-1.24329,-0.759434,1.54677
0.112619,0.923377,-2.46894,48.4168,838953701,-1.01835,-0.796793,1.38705,-1.03032,-0.807171,1.37024,-1.01557,-0.823578,1.37024,-1.00379,-0.812992,1.38705,-1.14336,-0.90533,1.54677,-1.15675,-0.916942,1.52795,-1.1401,-0.935475,1.52795,-1.12691,-0.923629,1.54677
0.138735,0.941124,-2.41724,24.6041,838954216,-0.974843,-0.847456,1.41968,-0.98639,-0.858586,1.40306,-0.971082,-0.874468,1.40306,-0.95973,-0.863136,1.41968,-1.09264,-0.960996,1.58135,-1.10557,-0.973451,1.56275,-1.08827,-0.99139,1.56275,-1.07557,-0.97871,1.58135
0.10403,0.941138,-2.38273,-33.0558,838954218,-0.945007,-0.880575,1.41968,-0.956159,-0.892102,1.40306,-0.940305,-0.90744,1.40306,-0.929355,-0.895718,1.41968,-1.05877,-0.998161,1.58135,-1.07125,-1.01106,1.56275,-1.05334,-1.02838,1.56275,-1.04109,-1.01527,1.58135
-0.358841,0.940573,-2.29636,-2.02638,838954223,-0.866313,-0.959714,1.41968,-0.876419,-0.972171,1.40306,-0.859048,-0.985766,1.40306,-0.849164,-0.973137,1.41968,-0.969376,-1.08681,1.58135,-0.980685,-1.10075,1.56275,-0.961064,-1.11611,1.56275,-0.950003,-1.10198,1.58135
0.176973,0.958288,-2.66276,10.6043,838954714,-1.1515,-0.585035,1.45268,-1.16556,-0.59314,1.43625,-1.15455,-0.612253,1.43625,-1.14062,-0.603905,1.45268,-1.29158,-0.665748,1.6163,-1.30732,-0.674818,1.59791,-1.29488,-0.696406,1.59791,-1.2793,-0.687064,1.6163
0.103527,0.95756,-2.43441,1.40095,838954727,-0.990257,-0.831463,1.45268,-1.00214,-0.842527,1.43625,-0.986833,-0.85841,1.43625,-0.975144,-0.847143,1.45268,-1.10862,-0.941625,1.6163,-1.12192,-0.954006,1.59791,-1.10463,-0.971946,1.59791,-1.09155,-0.959338,1.6163
0.0384161,0.958215,-2.41724,-4.30978,838954728,-0.974843,-0.847456,1.45268,-0.986532,-0.858722,1.43625,-0.971224,-0.874605,1.43625,-0.959729,-0.863136,1.45268,-1.09125,-0.959651,1.6163,-1.10433,-0.972259,1.59791,-1.08704,-0.990198,1.59791,-1.07417,-0.977365,1.6163
0.124041,0.957569,-2.3999,19.1688,838954729,-0.960971,-0.86513,1.45268,-0.972461,-0.876603,1.43625,-0.956608,-0.891941,1.43625,-0.945319,-0.880273,1.45268,-1.07542,-0.979359,1.6163,-1.08827,-0.992197,1.59791,-1.07037,-1.00952,1.59791,-1.05773,-0.996465,1.6163
0.0418951,0.958229,-2.38273,-3.75123,838954730,-0.945007,-0.880575,1.45268,-0.956295,-0.892243,1.43625,-0.940442,-0.907581,1.43625,-0.929355,-0.895718,1.45268,-1.05742,-0.996768,1.6163,-1.07005,-1.00982,1.59791,-1.05215,-1.02715,1.59791,-1.03974,-1.01387,1.6163
0.0253617,0.957588,-2.36539,-4.16556,838954731,-0.930526,-0.897754,1.45268,-0.941609,-0.909621,1.43625,-0.925229,-0.924396,1.43625,-0.914355,-0.912341,1.45268,-1.04091,-1.01591,1.6163,-1.05331,-1.02919,1.59791,-1.03481,-1.04588,1.59791,-1.02264,-1.03239,1.6163
0.309076,0.957563,-2.11986,-11.612,838954745,-0.684417,-1.09704,1.45268,-0.6923,-1.11123,1.43625,-0.672834,-1.12161,1.43625,-0.665198,-1.10728,1.45268,-0.76295,-1.23838,1.6163,-0.771772,-1.25427,1.59791,-0.749784,-1.26599,1.59791,-0.74124,-1.24995,1.6163
0.17103,0.95768,-1.5598,49.6676,838954777,0.00295073,-1.2928,1.45268,0.00378526,-1.30901,1.43625,0.0257919,-1.3075,1.43625,0.0246771,-1.2913,1.45268,0.011235,-1.45428,1.6163,0.0121689,-1.47243,1.59791,0.0370262,-1.47072,1.59791,0.0357787,-1.45259,1.6163
0.150206,0.975346,2.78424,40.8216,838955178,-1.2061,0.462401,1.48631,-1.22182,0.467526,1.46997,-1.22867,0.446537,1.46997,-1.21285,0.441696,1.48631,-1.35807,0.511942,1.65172,-1.37553,0.517635,1.63357,-1.38321,0.494085,1.63357,-1.36564,0.488708,1.65172
0.121575,0.974688,-2.78348,-4.00026,838955219,-1.21492,-0.442631,1.48631,-1.23015,-0.449068,1.46997,-1.22119,-0.469245,1.46997,-1.20608,-0.462534,1.48631,-1.36207,-0.505069,1.65172,-1.37899,-0.51222,1.63357,-1.36894,-0.534858,1.63357,-1.35215,-0.527404,1.65172
0.0432165,0.974688,-2.43441,-35.9738,838955239,-0.990258,-0.831462,1.48631,-1.00237,-0.842721,1.46997,-0.98705,-0.858617,1.46997,-0.975145,-0.847142,1.48631,-1.10719,-0.940466,1.65172,-1.12064,-0.952973,1.63357,-1.10345,-0.970808,1.63357,-1.09023,-0.958062,1.65172
0.0727544,0.975349,-2.41723,-24.1145,838955240,-0.974842,-0.847457,1.48631,-0.986747,-0.858931,1.46997,-0.971426,-0.874826,1.46997,-0.959729,-0.863137,1.48631,-1.08992,-0.958376,1.65172,-1.10315,-0.971122,1.63357,-1.08596,-0.988957,1.63357,-1.07296,-0.975972,1.65172
0.415991,0.974696,-2.3999,0.454032,838955241,-0.960971,-0.86513,1.48631,-0.972683,-0.876805,1.46997,-0.956817,-0.892155,1.46997,-0.94532,-0.880272,1.48631,-1.07402,-0.978151,1.65172,-1.08703,-0.99112,1.63357,-1.06923,-1.00834,1.63357,-1.05646,-0.995144,1.65172
0.092222,0.975363,-2.38272,-4.40345,838955242,-0.945006,-0.880576,1.48631,-0.956503,-0.892459,1.46997,-0.940637,-0.90781,1.46997,-0.929355,-0.895719,1.48631,-1.05614,-0.995447,1.65172,-1.06891,-1.00865,1.63357,-1.05111,-1.02587,1.63357,-1.03858,-1.01244,1.65172
0.0642871,0.974715,-2.36538,-4.23613,838955243,-0.930527,-0.897754,1.48631,-0.941824,-0.909831,1.46997,-0.925431,-0.924618,1.46997,-0.914356,-0.91234,1.48631,-1.03956,-1.01465,1.65172,-1.05211,-1.02807,1.63357,-1.03372,-1.04466,1.63357,-1.02141,-1.03102,1.65172
-0.0609012,0.974703,-2.15438,-2.97391,838955255,-0.721848,-1.07274,1.48631,-0.730389,-1.08691,1.46997,-0.711281,-1.09796,1.46997,-0.702999,-1.08365,1.48631,-0.804208,-1.20975,1.65172,-0.813695,-1.22548,1.63357,-0.792256,-1.23789,1.63357,-0.783057,-1.22199,1.65172
-0.10077,0.975354,-2.13719,-3.04264,838955256,-0.702621,-1.08387,1.48631,-0.710903,-1.09818,1.46997,-0.691795,-1.10924,1.46997,-0.683772,-1.09478,1.48631,-0.782678,-1.22221,1.65172,-0.791878,-1.23811,1.63357,-0.770439,-1.25051,1.63357,-0.761527,-1.23445,1.65172
0.00558348,0.97469,-2.11986,-3.66518,838955257,-0.684418,-1.09704,1.48631,-0.692458,-1.11149,1.46997,-0.672976,-1.12187,1.46997,-0.665199,-1.10728,1.48631,-0.761942,-1.23684,1.65172,-0.770874,-1.25289,1.63357,-0.749015,-1.26454,1.63357,-0.740376,-1.24833,1.65172
-0.0399219,0.975346,-2.10268,-3.28847,838955258,-0.664814,-1.10749,1.48631,-0.672591,-1.12208,1.46997,-0.653108,-1.13246,1.46997,-0.645595,-1.11773,1.48631,-0.739991,-1.24854,1.65172,-0.748629,-1.26474,1.63357,-0.72677,-1.27639,1.63357,-0.718424,-1.26003,1.65172
0.232158,0.974745,-0.236471,38.8176,838955365,1.25427,-0.313876,1.48631,1.2705,-0.317056,1.46997,1.27435,-0.295318,1.46997,1.25807,-0.292433,1.48631,1.41119,-0.34439,1.65172,1.42922,-0.347922,1.63357,1.43354,-0.323532,1.63357,1.41546,-0.320327,1.65172
0.145362,0.991961,-2.60699,-19.0573,838955741,-1.11812,-0.648954,1.52031,-1.13216,-0.658038,1.50416,-1.11983,-0.676354,1.50416,-1.10596,-0.667022,1.52031,-1.25067,-0.734944,1.68749,-1.26626,-0.745035,1.66955,-1.25243,-0.765585,1.66955,-1.23703,-0.755219,1.68749
0.117077,0.991879,-2.53795,-15.4673,838955745,-1.07082,-0.724617,1.52031,-1.08419,-0.734659,1.50416,-1.07061,-0.752069,1.50416,-1.05743,-0.741792,1.52031,-1.19704,-0.81965,1.68749,-1.21189,-0.830805,1.66955,-1.19666,-0.850339,1.66955,-1.18202,-0.838923,1.68749
0.10149,0.991839,-2.43441,-3.5177,838955751,-0.990258,-0.831462,1.52031,-1.0025,-0.842847,1.50416,-0.98718,-0.858743,1.50416,-0.975145,-0.847142,1.52031,-1.10585,-0.939178,1.68749,-1.11945,-0.951825,1.66955,-1.10226,-0.969659,1.66955,-1.08889,-0.956774,1.68749
0.104586,0.992506,-2.41723,0.373786,838955752,-0.974842,-0.847457,1.52031,-0.986877,-0.859057,1.50416,-0.971557,-0.874952,1.50416,-0.959729,-0.863137,1.52031,-1.08859,-0.957088,1.68749,-1.10196,-0.969974,1.66955,-1.08477,-0.987808,1.66955,-1.07163,-0.974684,1.68749
4.09301,0.991847,-2.39989,0.0493329,838955753,-0.960972,-0.86513,1.52031,-0.972809,-0.876935,1.50416,-0.956943,-0.892286,1.50416,-0.94532,-0.880272,1.52031,-1.07273,-0.976817,1.68749,-1.08588,-0.989931,1.66955,-1.06808,-1.00715,1.66955,-1.05517,-0.993809,1.68749
0.355749,0.99252,-2.38271,-1.38111,838955754,-0.945006,-0.880576,1.52031,-0.956629,-0.892589,1.50416,-0.940763,-0.90794,1.50416,-0.929355,-0.895719,1.52031,-1.05485,-0.994113,1.68749,-1.06776,-1.00746,1.66955,-1.04996,-1.02468,1.66955,-1.03729,-1.01111,1.68749
0.0778361,0.991866,-2.36538,13.2428,838955755,-0.930527,-0.897754,1.52031,-0.941945,-0.909966,1.50416,-0.925553,-0.924753,1.50416,-0.914356,-0.91234,1.52031,-1.03832,-1.01328,1.68749,-1.051,-1.02684,1.66955,-1.03261,-1.04343,1.66955,-1.02017,-1.02964,1.68749
0.0351519,0.991855,-2.15437,-2.14322,838955767,-0.721848,-1.07274,1.52031,-0.73048,-1.08706,1.50416,-0.711372,-1.09812,1.50416,-0.702999,-1.08365,1.52031,-0.803278,-1.20814,1.68749,-0.812866,-1.22405,1.66955,-0.791427,-1.23646,1.66955,-0.782127,-1.22038,1.68749
0.0521851,0.992511,-2.13719,-2.38317,838955768,-0.702621,-1.08387,1.52031,-0.710994,-1.09834,1.50416,-0.691886,-1.1094,1.50416,-0.683772,-1.09478,1.52031,-0.781749,-1.2206,1.68749,-0.791049,-1.23667,1.66955,-0.76961,-1.24908,1.66955,-0.760597,-1.23284,1.68749
0.0180387,0.991841,-2.11986,-1.54199,838955769,-0.684418,-1.09704,1.52031,-0.692543,-1.11165,1.50416,-0.673061,-1.12203,1.50416,-0.665199,-1.10728,1.52031,-0.761069,-1.2352,1.68749,-0.770095,-1.25143,1.66955,-0.748236,-1.26308,1.66955,-0.739503,-1.24669,1.68749
-0.0016857,0.992504,-2.10268,-2.18298,838955770,-0.664814,-1.10748,1.52031,-0.672676,-1.12224,1.50416,-0.653194,-1.13262,1.50416,-0.645595,-1.11773,1.52031,-0.739117,-1.2469,1.68749,-0.747851,-1.26328,1.66955,-0.725992,-1.27493,1.66955,-0.717551,-1.25839,1.68749
0.0263323,1.00897,-2.4344,-3.14812,838956263,-0.990258,-0.831462,1.55471,-1.00263,-0.842972,1.53874,-0.98731,-0.858867,1.53874,-0.975145,-0.847142,1.55471,-1.1045,-0.937876,1.72364,-1.11824,-0.950661,1.70591,-1.10105,-0.968495,1.70591,-1.08754,-0.955472,1.72364
0.0385467,1.00964,-2.41723,-3.82088,838956264,-0.974842,-0.847457,1.55471,-0.987006,-0.859182,1.53874,-0.971686,-0.875077,1.53874,-0.959729,-0.863137,1.55471,-1.08724,-0.955786,1.72364,-1.10075,-0.96881,1.70591,-1.08356,-0.986644,1.70591,-1.07028,-0.973382,1.72364
0.148557,1.00897,-2.39989,4.02926,838956265,-0.960972,-0.86513,1.55471,-0.972934,-0.877064,1.53874,-0.957068,-0.892415,1.53874,-0.94532,-0.880272,1.55471,-1.07143,-0.975468,1.72364,-1.08471,-0.988725,1.70591,-1.06691,-1.00595,1.70591,-1.05386,-0.992461,1.72364
0.0231848,1.00965,-2.38271,-3.4814,838956266,-0.945006,-0.880576,1.55471,-0.956754,-0.892718,1.53874,-0.940888,-0.908069,1.53874,-0.929355,-0.895719,1.55471,-1.05355,-0.992765,1.72364,-1.0666,-1.00625,1.70591,-1.0488,-1.02348,1.70591,-1.03598,-1.00976,1.72364
-0.0220429,1.00899,-2.36537,-4.05883,838956267,-0.930527,-0.897754,1.55471,-0.942065,-0.910099,1.53874,-0.925673,-0.924886,1.53874,-0.914356,-0.91234,1.55471,-1.03706,-1.01188,1.72364,-1.04988,-1.0256,1.70591,-1.03148,-1.04219,1.70591,-1.01891,-1.02825,1.72364
0.129011,1.00909,-2.25792,-4.27433,838956273,-0.828736,-0.992237,1.55471,-0.838923,-1.00572,1.53874,-0.821077,-1.01871,1.53874,-0.811131,-1.00506,1.55471,-0.922778,-1.11686,1.72364,-0.934094,-1.13184,1.70591,-0.914071,-1.14642,1.70591,-0.903023,-1.13125,1.72364
0.168335,1.00897,-2.11985,39.9752,838956281,-0.684418,-1.09704,1.55471,-0.692628,-1.11181,1.53874,-0.673146,-1.12219,1.53874,-0.665199,-1.10728,1.55471,-0.760186,-1.23354,1.72364,-0.769306,-1.24995,1.70591,-0.747447,-1.2616,1.70591,-0.73862,-1.24504,1.72364
0.0875958,1.02607,-2.46891,-16.3388,838956773,-1.01835,-0.796792,1.58952,-1.03125,-0.807981,1.57374,-1.01649,-0.824402,1.57374,-1.00379,-0.812991,1.58952,-1.13483,-0.897884,1.76019,-1.14916,-0.910313,1.74266,-1.1326,-0.928737,1.74266,-1.11849,-0.916061,1.76019
-0.0342406,1.02607,-2.4344,-2.69567,838956775,-0.990258,-0.831462,1.58952,-1.00276,-0.843095,1.57374,-0.987437,-0.85899,1.57374,-0.975145,-0.847142,1.58952,-1.10313,-0.93656,1.76019,-1.11702,-0.949482,1.74266,-1.09983,-0.967316,1.74266,-1.08617,-0.954156,1.76019
0.0397329,1.02675,-2.41722,-3.09514,838956776,-0.974842,-0.847457,1.58952,-0.987134,-0.859305,1.57374,-0.971814,-0.8752,1.57374,-0.959729,-0.863137,1.58952,-1.08587,-0.95447,1.76019,-1.09953,-0.967631,1.74266,-1.08234,-0.985465,1.74266,-1.06891,-0.972066,1.76019
0.0901709,1.02608,-2.39989,-3.53514,838956777,-0.960972,-0.86513,1.58952,-0.973057,-0.877192,1.57374,-0.957191,-0.892542,1.57374,-0.94532,-0.880272,1.58952,-1.07011,-0.974106,1.76019,-1.08353,-0.987504,1.74266,-1.06573,-1.00473,1.74266,-1.05254,-0.991098,1.76019
-0.00777331,1.02677,-2.38271,-2.95445,838956778,-0.945006,-0.880576,1.58952,-0.956877,-0.892846,1.57374,-0.941011,-0.908196,1.57374,-0.929355,-0.895719,1.58952,-1.05223,-0.991402,1.76019,-1.06542,-1.00503,1.74266,-1.04761,-1.02225,1.74266,-1.03467,-1.00839,1.76019
0.144005,1.0261,-2.36537,3.35853,838956779,-0.930527,-0.897754,1.58952,-0.942184,-0.91023,1.57374,-0.925791,-0.925017,1.57374,-0.914356,-0.91234,1.58952,-1.03579,-1.01047,1.76019,-1.04874,-1.02433,1.74266,-1.03035,-1.04093,1.74266,-1.01764,-1.02684,1.76019
0.103519,1.0262,-2.25791,-8.67038,838956785,-0.828736,-0.992237,1.58952,-0.839027,-1.00586,1.57374,-0.821181,-1.01886,1.57374,-0.811131,-1.00506,1.58952,-0.921662,-1.11533,1.76019,-0.933094,-1.13046,1.74266,-0.91307,-1.14504,1.74266,-0.901907,-1.12971,1.76019
-0.0265532,1.02607,-2.11985,-2.21307,838956793,-0.684418,-1.09704,1.58952,-0.692711,-1.11196,1.57374,-0.673229,-1.12235,1.57374,-0.665199,-1.10728,1.58952,-0.759295,-1.23187,1.76019,-0.768507,-1.24845,1.74266,-0.746648,-1.2601,1.74266,-0.737729,-1.24336,1.76019
0.137412,1.0439,-2.55528,-22.1313,838957280,-1.08209,-0.705184,1.62476,-1.09606,-0.715307,1.60917,-1.0831,-0.733181,1.60917,-1.06931,-0.722817,1.62476,-1.20539,-0.794567,1.79714,-1.22091,-0.805812,1.77982,-1.20637,-0.825866,1.77982,-1.19105,-0.814353,1.79714
0.138217,1.04316,-2.46891,-34.1944,838957285,-1.01835,-0.796792,1.62476,-1.03138,-0.808098,1.60917,-1.01662,-0.824519,1.60917,-1.00379,-0.812991,1.62476,-1.1334,-0.896604,1.79714,-1.14788,-0.909163,1.77982,-1.13132,-0.927587,1.77982,-1.11707,-0.914781,1.79714
0.0367233,1.04384,-2.45173,-2.81989,838957286,-1.0035,-0.813316,1.62476,-1.01633,-0.824844,1.60917,-1.00158,-0.841264,1.60917,-0.988946,-0.829514,1.62476,-1.11678,-0.915106,1.79714,-1.13103,-0.927912,1.77982,-1.11447,-0.946336,1.77982,-1.10044,-0.933284,1.79714
0.113547,1.04316,-2.4344,-23.9945,838957287,-0.990258,-0.831462,1.62476,-1.00288,-0.843216,1.60917,-0.987563,-0.859111,1.60917,-0.975145,-0.847142,1.62476,-1.10175,-0.935231,1.79714,-1.11578,-0.948288,1.77982,-1.09859,-0.966122,1.77982,-1.0848,-0.952827,1.79714
-0.00763552,1.04384,-2.41722,-3.0452,838957288,-0.974842,-0.847457,1.62476,-0.98726,-0.859426,1.60917,-0.97194,-0.875321,1.60917,-0.959729,-0.863137,1.62476,-1.08449,-0.953141,1.79714,-1.09829,-0.966437,1.77982,-1.0811,-0.984271,1.77982,-1.06753,-0.970737,1.79714
-0.0228967,1.04317,-2.39988,-3.07486,838957289,-0.960972,-0.86513,1.62476,-0.973179,-0.877317,1.60917,-0.957313,-0.892668,1.60917,-0.94532,-0.880272,1.62476,-1.06878,-0.972729,1.79714,-1.08234,-0.986268,1.77982,-1.06453,-1.00349,1.77982,-1.05121,-0.989722,1.79714
0.094831,1.04386,-2.38271,2.03134,838957290,-0.945006,-0.880576,1.62476,-0.956999,-0.892972,1.60917,-0.941133,-0.908322,1.60917,-0.929355,-0.895719,1.62476,-1.0509,-0.990026,1.79714,-1.06422,-1.00379,1.77982,-1.04642,-1.02102,1.77982,-1.03334,-1.00702,1.79714
0.230682,1.04397,-2.27916,8.78324,838957296,-0.84882,-0.973405,1.62476,-0.859451,-0.986987,1.60917,-0.842066,-1.00059,1.60917,-0.831671,-0.986828,1.62476,-0.942683,-1.09333,1.79714,-0.954491,-1.10842,1.77982,-0.934985,-1.12369,1.77982,-0.923438,-1.10839,1.79714
-0.0658319,1.06109,-2.58979,-3.38834,838957790,-1.10572,-0.667385,1.66072,-1.12028,-0.677185,1.64521,-1.10795,-0.695514,1.64521,-1.09356,-0.685453,1.66072,-1.23057,-0.751398,1.83468,-1.24663,-0.762205,1.81758,-1.23288,-0.782635,1.81758,-1.21701,-0.77154,1.83468
0.0114218,1.06038,-2.57245,-3.64361,838957791,-1.09513,-0.687197,1.66072,-1.10953,-0.697245,1.64521,-1.09656,-0.715132,1.64521,-1.08235,-0.70483,1.66072,-1.21844,-0.773496,1.83468,-1.23431,-0.784575,1.81758,-1.21986,-0.804513,1.81758,-1.20419,-0.793152,1.83468
0.0276696,1.06105,-2.55527,-4.33684,838957792,-1.08209,-0.705185,1.66072,-1.0963,-0.715487,1.64521,-1.08334,-0.733375,1.64521,-1.06931,-0.722817,1.66072,-1.20393,-0.793508,1.83468,-1.2196,-0.804868,1.81758,-1.20515,-0.824806,1.81758,-1.18968,-0.813164,1.83468
0.050899,1.06034,-2.53794,-3.68403,838957793,-1.07082,-0.724616,1.66072,-1.08486,-0.735159,1.64521,-1.07127,-0.752583,1.64521,-1.05743,-0.741791,1.66072,-1.19104,-0.815168,1.83468,-1.20652,-0.826795,1.81758,-1.19137,-0.846215,1.81758,-1.17611,-0.834315,1.83468
0.0326852,1.06099,-2.48624,-4.39118,838957796,-1.03095,-0.778195,1.66072,-1.04441,-0.789465,1.64521,-1.03023,-0.806403,1.64521,-1.01697,-0.794892,1.66072,-1.14633,-0.874808,1.83468,-1.16117,-0.887235,1.81758,-1.14536,-0.906115,1.81758,-1.13074,-0.893421,1.83468
0.0642817,1.0603,-2.46891,-4.06773,838957797,-1.01835,-0.796792,1.66072,-1.03162,-0.808289,1.64521,-1.01685,-0.824722,1.64521,-1.0038,-0.81299,1.66072,-1.13195,-0.895515,1.83468,-1.14658,-0.908194,1.81758,-1.13012,-0.92651,1.81758,-1.11573,-0.913573,1.83468
0.21056,1.06099,-2.45173,-0.0214787,838957798,-1.0035,-0.813317,1.66072,-1.01656,-0.825049,1.64521,-1.00179,-0.841482,1.64521,-0.988946,-0.829515,1.66072,-1.11543,-0.9139,1.83468,-1.12983,-0.926837,1.81758,-1.11337,-0.945153,1.81758,-1.09921,-0.931957,1.83468
0.179712,1.0603,-2.43439,-24.9062,838957799,-0.990259,-0.831461,1.66072,-1.00312,-0.843416,1.64521,-0.987784,-0.859323,1.64521,-0.975146,-0.847142,1.66072,-1.10034,-0.934092,1.83468,-1.11452,-0.947274,1.81758,-1.09743,-0.965005,1.81758,-1.0835,-0.951572,1.83468
0.29664,1.06099,-2.41721,1.67963,838957800,-0.974841,-0.847458,1.66072,-0.987479,-0.859639,1.64521,-0.972147,-0.875546,1.64521,-0.959728,-0.863138,1.66072,-1.08319,-0.951888,1.83468,-1.09713,-0.965321,1.81758,-1.08004,-0.983051,1.81758,-1.06634,-0.969369,1.83468
0.602737,1.06031,-2.39988,-0.197265,838957801,-0.960972,-0.865129,1.66072,-0.973404,-0.877525,1.64521,-0.957526,-0.892887,1.64521,-0.945321,-0.880272,1.66072,-1.06741,-0.971542,1.83468,-1.08111,-0.985211,1.81758,-1.06342,-1.00233,1.81758,-1.04996,-0.988423,1.83468
0.110546,1.061,-2.3827,-3.37965,838957802,-0.945005,-0.880577,1.66072,-0.95721,-0.893192,1.64521,-0.941332,-0.908554,1.64521,-0.929354,-0.89572,1.66072,-1.04964,-0.988728,1.83468,-1.0631,-1.00264,1.81758,-1.0454,-1.01976,1.81758,-1.03219,-1.00561,1.83468
0.0689108,1.06033,-2.36536,-3.92241,838957803,-0.930528,-0.897753,1.66072,-0.942519,-0.910575,1.64521,-0.926114,-0.925373,1.64521,-0.914357,-0.91234,1.66072,-1.03318,-1.00782,1.83468,-1.0464,-1.02196,1.81758,-1.02812,-1.03845,1.81758,-1.01515,-1.02408,1.83468
0.154501,1.06103,-2.34818,-7.3608,838957804,-0.914031,-0.912634,1.66072,-0.925788,-0.925667,1.64521,-0.909383,-0.940465,1.64521,-0.89786,-0.927221,1.66072,-1.01483,-1.02437,1.83468,-1.02779,-1.03875,1.81758,-1.00951,-1.05524,1.81758,-0.996799,-1.04063,1.83468
0.0334741,1.06036,-2.33085,-3.71651,838957805,-0.898963,-0.929294,1.66072,-0.910498,-0.942527,1.64521,-0.893587,-0.956743,1.64521,-0.882292,-0.943307,1.66072,-0.997707,-1.04288,1.83468,-1.01043,-1.05747,1.81758,-0.991578,-1.07332,1.81758,-0.979123,-1.0585,1.83468
-0.012128,1.06107,-2.31366,-3.55293,838957806,-0.881956,-0.943589,1.66072,-0.893251,-0.957026,1.64521,-0.876339,-0.971242,1.64521,-0.865286,-0.957603,1.66072,-0.978787,-1.05878,1.83468,-0.991242,-1.0736,1.81758,-0.972392,-1.08944,1.81758,-0.960203,-1.0744,1.83468
-0.0466595,1.0604,-2.29633,-5.05428,838957807,-0.866315,-0.959713,1.66072,-0.877381,-0.973341,1.64521,-0.859984,-0.986958,1.64521,-0.849165,-0.973135,1.66072,-0.961032,-1.07668,1.83468,-0.973236,-1.0917,1.81758,-0.953844,-1.10688,1.81758,-0.941914,-1.09164,1.83468
0.069135,1.06111,-2.27915,-4.56437,838957808,-0.84882,-0.973406,1.66072,-0.859638,-0.987228,1.64521,-0.84224,-1.00085,1.64521,-0.83167,-0.986828,1.66072,-0.941568,-1.09191,1.83468,-0.953498,-1.10715,1.81758,-0.934106,-1.12233,1.81758,-0.92245,-1.10687,1.83468
0.351833,1.06042,-2.25791,5.53007,838957809,-0.828736,-0.992237,1.66072,-0.839324,-1.00624,1.64521,-0.821465,-1.01925,1.64521,-0.811132,-1.00506,1.66072,-0.919342,-1.11241,1.83468,-0.931018,-1.12785,1.81758,-0.911111,-1.14235,1.81758,-0.899717,-1.1267,1.83468
-0.0824437,1.06109,-2.24072,-3.14547,838957810,-0.810777,-1.00532,1.66072,-0.82111,-1.0195,1.64521,-0.80325,-1.03251,1.64521,-0.793172,-1.01813,1.66072,-0.899362,-1.12696,1.83468,-0.910756,-1.14261,1.81758,-0.89085,-1.15711,1.81758,-0.879737,-1.14125,1.83468
0.0178784,1.06038,-2.22339,-3.41167,838957811,-0.794052,-1.02031,1.66072,-0.804144,-1.03468,1.64521,-0.785842,-1.04705,1.64521,-0.776011,-1.03251,1.66072,-0.880406,-1.14358,1.83468,-0.891534,-1.15942,1.81758,-0.871134,-1.17321,1.81758,-0.860293,-1.15718,1.83468
0.0818539,1.06105,-2.2062,-4.28631,838957812,-0.775647,-1.03275,1.66072,-0.785478,-1.0473,1.64521,-0.767175,-1.05967,1.64521,-0.757605,-1.04495,1.66072,-0.859929,-1.15742,1.83468,-0.87077,-1.17346,1.81758,-0.85037,-1.18725,1.81758,-0.839817,-1.17102,1.83468
-0.0301133,1.06034,-2.18887,-3.98282,838957813,-0.758409,-1.04716,1.66072,-0.767993,-1.06187,1.64521,-0.749269,-1.07359,1.64521,-0.739952,-1.05872,1.66072,-0.840404,-1.17337,1.83468,-0.850973,-1.18959,1.81758,-0.830103,-1.20266,1.81758,-0.819829,-1.18625,1.83468
0.0787988,1.06031,-2.15436,-3.05674,838957815,-0.721849,-1.07274,1.66072,-0.730914,-1.08778,1.64521,-0.711792,-1.09884,1.64521,-0.703,-1.08365,1.66072,-0.799387,-1.20174,1.83468,-0.809383,-1.21832,1.81758,-0.788069,-1.23065,1.81758,-0.778374,-1.2139,1.83468
0.0375668,1.06099,-2.13717,53.1008,838957816,-0.70262,-1.08387,1.66072,-0.711412,-1.09906,1.64521,-0.69229,-1.11013,1.64521,-0.683771,-1.09478,1.66072,-0.777994,-1.21412,1.83468,-0.787689,-1.23087,1.81758,-0.766376,-1.2432,1.81758,-0.756982,-1.22628,1.83468
0.0460609,1.0603,-2.11984,-40.2397,838957817,-0.684419,-1.09704,1.66072,-0.692952,-1.11238,1.64521,-0.673456,-1.12277,1.64521,-0.6652,-1.10728,1.66072,-0.757404,-1.22866,1.83468,-0.766814,-1.24558,1.81758,-0.745083,-1.25716,1.81758,-0.735979,-1.24008,1.83468
0.174463,1.0776,-2.95604,13.0191,838958281,-1.27265,-0.227396,1.6971,-1.28991,-0.231357,1.68178,-1.28459,-0.252799,1.68178,-1.2674,-0.248533,1.6971,-1.41753,-0.260777,1.87262,-1.43658,-0.265144,1.85572,-1.43064,-0.289044,1.85572,-1.41169,-0.28434,1.87262
0.194008,1.07827,-2.93885,-24.3913,838958282,-1.2673,-0.248959,1.6971,-1.28449,-0.253225,1.68178,-1.27917,-0.274668,1.68178,-1.26205,-0.270095,1.6971,-1.41158,-0.284766,1.87262,-1.43054,-0.289471,1.85572,-1.42461,-0.313371,1.85572,-1.40573,-0.308329,1.87262
-0.0198006,1.0776,-2.60697,-2.48941,838958301,-1.11812,-0.648953,1.6971,-1.13299,-0.658581,1.68178,-1.12066,-0.67691,1.68178,-1.10596,-0.667021,1.6971,-1.24286,-0.729875,1.87262,-1.25925,-0.740492,1.85572,-1.24551,-0.760922,1.85572,-1.2293,-0.750017,1.87262
0.0595601,1.07827,-2.58979,-2.3537,838958302,-1.10572,-0.667385,1.6971,-1.12042,-0.677274,1.68178,-1.10808,-0.695604,1.68178,-1.09356,-0.685453,1.6971,-1.22906,-0.750381,1.87262,-1.24526,-0.761286,1.85572,-1.23151,-0.781717,1.85572,-1.2155,-0.770523,1.87262
0.0408238,1.07755,-2.57245,-2.54333,838958303,-1.09513,-0.687197,1.6971,-1.10966,-0.697339,1.68178,-1.09669,-0.715226,1.68178,-1.08235,-0.70483,1.6971,-1.21696,-0.772427,1.87262,-1.23298,-0.78361,1.85572,-1.21853,-0.803547,1.85572,-1.20271,-0.792083,1.87262
-0.0173991,1.07822,-2.55527,-2.12938,838958304,-1.08209,-0.705185,1.6971,-1.09643,-0.715582,1.68178,-1.08347,-0.733469,1.68178,-1.06931,-0.722817,1.6971,-1.20246,-0.792438,1.87262,-1.21827,-0.803903,1.85572,-1.20382,-0.82384,1.85572,-1.18821,-0.812095,1.87262
0.212771,1.07751,-2.53793,-9.60513,838958305,-1.07082,-0.724616,1.6971,-1.08498,-0.735258,1.68178,-1.0714,-0.752682,1.68178,-1.05743,-0.741791,1.6971,-1.1896,-0.814048,1.87262,-1.20522,-0.825784,1.85572,-1.19008,-0.845204,1.85572,-1.17467,-0.833195,1.87262
0.0431538,1.07817,-2.48624,-3.25025,838958308,-1.03095,-0.778195,1.6971,-1.04453,-0.789568,1.68178,-1.03035,-0.806506,1.68178,-1.01697,-0.794892,1.6971,-1.14493,-0.873638,1.87262,-1.15991,-0.886179,1.85572,-1.1441,-0.905059,1.85572,-1.12934,-0.892252,1.87262
0.42104,1.07747,-2.4689,-2.54323,838958309,-1.01835,-0.796792,1.6971,-1.03174,-0.808397,1.68178,-1.01697,-0.82483,1.68178,-1.0038,-0.81299,1.6971,-1.1306,-0.894298,1.87262,-1.14536,-0.907095,1.85572,-1.1289,-0.925411,1.85572,-1.11437,-0.912355,1.87262
2.59847,1.07816,-2.45172,-0.0902454,838958310,-1.0035,-0.813317,1.6971,-1.01668,-0.825156,1.68178,-1.00191,-0.841589,1.68178,-0.988946,-0.829515,1.6971,-1.11408,-0.912682,1.87262,-1.12861,-0.925738,1.85572,-1.11215,-0.944054,1.85572,-1.09785,-0.93074,1.87262
7.67335,1.07747,-2.43439,-0.426097,838958311,-0.990259,-0.831461,1.6971,-1.00323,-0.843527,1.68178,-0.9879,-0.859434,1.68178,-0.975146,-0.847142,1.6971,-1.09903,-0.932828,1.87262,-1.11334,-0.946133,1.85572,-1.09625,-0.963863,1.85572,-1.08218,-0.950308,1.87262
1.61018,1.07817,-2.41721,-0.695881,838958312,-0.974841,-0.847458,1.6971,-0.987595,-0.85975,1.68178,-0.972263,-0.875657,1.68178,-0.959728,-0.863138,1.6971,-1.08188,-0.950624,1.87262,-1.09594,-0.96418,1.85572,-1.07885,-0.98191,1.85572,-1.06503,-0.968104,1.87262
2.0026,1.07748,-2.39987,-0.660578,838958313,-0.960972,-0.865129,1.6971,-0.973516,-0.87764,1.68178,-0.957638,-0.893002,1.68178,-0.945321,-0.880272,1.6971,-1.06614,-0.970233,1.87262,-1.07997,-0.984029,1.85572,-1.06227,-1.00115,1.85572,-1.04869,-0.987114,1.87262
0.793987,1.07818,-2.38269,-2.97816,838958314,-0.945005,-0.880577,1.6971,-0.957322,-0.893307,1.68178,-0.941444,-0.908669,1.68178,-0.929354,-0.89572,1.6971,-1.04837,-0.987419,1.87262,-1.06196,-1.00146,1.85572,-1.04426,-1.01858,1.85572,-1.03093,-1.0043,1.87262
0.194769,1.0775,-2.36536,-6.57411,838958315,-0.930528,-0.897753,1.6971,-0.942626,-0.910695,1.68178,-0.926222,-0.925493,1.68178,-0.914357,-0.91234,1.6971,-1.03196,-1.00647,1.87262,-1.0453,-1.02074,1.85572,-1.02702,-1.03723,1.85572,-1.01393,-1.02273,1.87262
0.0198273,1.07821,-2.34818,-2.65579,838958316,-0.914031,-0.912634,1.6971,-0.925896,-0.925787,1.68178,-0.909491,-0.940585,1.68178,-0.89786,-0.927221,1.6971,-1.01361,-1.02302,1.87262,-1.02669,-1.03752,1.85572,-1.0084,-1.05402,1.85572,-0.995579,-1.03928,1.87262
0.0245904,1.07753,-2.33084,-3.41707,838958317,-0.898963,-0.929294,1.6971,-0.910602,-0.94265,1.68178,-0.89369,-0.956866,1.68178,-0.882292,-0.943307,1.6971,-0.996535,-1.04148,1.87262,-1.00937,-1.05621,1.85572,-0.99052,-1.07206,1.85572,-0.977951,-1.0571,1.87262
0.129079,1.07824,-2.31366,-39.8651,838958318,-0.881956,-0.943589,1.6971,-0.893354,-0.957149,1.68178,-0.876442,-0.971365,1.68178,-0.865286,-0.957603,1.6971,-0.977615,-1.05739,1.87262,-0.990184,-1.07234,1.85572,-0.971334,-1.08818,1.85572,-0.959031,-1.07301,1.87262
0.0802431,1.07757,-2.29632,-28.4094,838958319,-0.866315,-0.959713,1.6971,-0.877481,-0.973468,1.68178,-0.860083,-0.987084,1.68178,-0.849165,-0.973135,1.6971,-0.959909,-1.07524,1.87262,-0.972222,-1.09041,1.85572,-0.95283,-1.10559,1.85572,-0.940791,-1.0902,1.87262
0.152719,1.07829,-2.27914,15.1251,838958320,-0.84882,-0.973406,1.6971,-0.859737,-0.987355,1.68178,-0.842339,-1.00097,1.68178,-0.83167,-0.986828,1.6971,-0.940445,-1.09047,1.87262,-0.952484,-1.10586,1.85572,-0.933092,-1.12103,1.85572,-0.921327,-1.10544,1.87262
-0.0255615,1.0776,-2.2579,-2.78456,838958321,-0.828736,-0.992237,1.6971,-0.839419,-1.00637,1.68178,-0.821559,-1.01938,1.68178,-0.811132,-1.00506,1.6971,-0.91827,-1.11094,1.87262,-0.930049,-1.12653,1.85572,-0.910143,-1.14102,1.85572,-0.898644,-1.12523,1.87262
0.121623,1.07827,-2.24072,-1.43721,838958322,-0.810777,-1.00532,1.6971,-0.821204,-1.01963,1.68178,-0.803345,-1.03264,1.68178,-0.793172,-1.01813,1.6971,-0.89829,-1.12549,1.87262,-0.909788,-1.14128,1.85572,-0.889882,-1.15578,1.85572,-0.878664,-1.13978,1.87262
0.192572,1.07755,-2.22339,11.9263,838958323,-0.794052,-1.02031,1.6971,-0.804234,-1.03481,1.68178,-0.785932,-1.04718,1.68178,-0.776011,-1.03251,1.6971,-0.879386,-1.14207,1.87262,-0.890613,-1.15806,1.85572,-0.870213,-1.17185,1.85572,-0.859273,-1.15567,1.87262
-0.027346,1.07822,-2.2062,-2.65123,838958324,-0.775647,-1.03275,1.6971,-0.785568,-1.04743,1.68178,-0.767265,-1.0598,1.68178,-0.757605,-1.04495,1.6971,-0.858909,-1.15591,1.87262,-0.869849,-1.17209,1.85572,-0.849449,-1.18589,1.85572,-0.838796,-1.16951,1.87262
-0.00771203,1.07751,-2.18887,-1.80214,838958325,-0.758409,-1.04716,1.6971,-0.768078,-1.062,1.68178,-0.749354,-1.07373,1.68178,-0.739952,-1.05872,1.6971,-0.839437,-1.17182,1.87262,-0.8501,-1.18819,1.85572,-0.82923,-1.20126,1.85572,-0.818862,-1.18471,1.87262
0.0724316,1.07749,-2.15435,-2.14658,838958327,-0.721849,-1.07274,1.6971,-0.730994,-1.08792,1.68178,-0.711872,-1.09898,1.68178,-0.703,-1.08365,1.6971,-0.798475,-1.20016,1.87262,-0.808559,-1.21689,1.85572,-0.787245,-1.22923,1.85572,-0.777462,-1.21232,1.87262
0.0815694,1.07817,-2.13717,-2.69608,838958328,-0.70262,-1.08387,1.6971,-0.711493,-1.0992,1.68178,-0.692371,-1.11027,1.68178,-0.683771,-1.09478,1.6971,-0.777082,-1.21254,1.87262,-0.786865,-1.22945,1.85572,-0.765552,-1.24178,1.85572,-0.756069,-1.2247,1.87262
-0.0309978,1.07747,-2.11984,-1.90483,838958329,-0.684419,-1.09704,1.6971,-0.693028,-1.11252,1.68178,-0.673532,-1.12291,1.68178,-0.6652,-1.10728,1.6971,-0.756547,-1.22705,1.87262,-0.766041,-1.24413,1.85572,-0.74431,-1.25571,1.85572,-0.735122,-1.23847,1.87262
0.167348,1.09532,-2.8353,-28.0581,838958800,-1.23494,-0.378658,1.73393,-1.25174,-0.384754,1.71879,-1.2442,-0.405522,1.71879,-1.22751,-0.39913,1.73393,-1.37296,-0.428735,1.91098,-1.39148,-0.435457,1.89429,-1.38309,-0.458605,1.89429,-1.36468,-0.451557,1.91098
-0.0309971,1.09474,-2.60697,-2.33176,838958813,-1.11812,-0.648953,1.73393,-1.13313,-0.65867,1.71879,-1.12079,-0.676999,1.71879,-1.10596,-0.667021,1.73393,-1.24133,-0.728849,1.91098,-1.25788,-0.739564,1.89429,-1.24413,-0.759994,1.89429,-1.22778,-0.748991,1.91098
-0.087034,1.09542,-2.58978,-2.42982,838958814,-1.10572,-0.667385,1.73393,-1.12055,-0.677363,1.71879,-1.10821,-0.695692,1.71879,-1.09356,-0.685453,1.73393,-1.22753,-0.749355,1.91098,-1.24388,-0.760358,1.89429,-1.23013,-0.780788,1.89429,-1.21398,-0.769497,1.91098
-0.00729276,1.09469,-2.57245,-3.26086,838958815,-1.09513,-0.687197,1.73393,-1.10979,-0.697432,1.71879,-1.09682,-0.715319,1.71879,-1.08235,-0.70483,1.73393,-1.21547,-0.771348,1.91098,-1.23164,-0.782634,1.89429,-1.21718,-0.802571,1.89429,-1.20123,-0.791004,1.91098
-0.0695024,1.09538,-2.55526,-3.19087,838958816,-1.08209,-0.705185,1.73393,-1.09656,-0.715675,1.71879,-1.0836,-0.733562,1.71879,-1.06931,-0.722817,1.73393,-1.20097,-0.79136,1.91098,-1.21692,-0.802927,1.89429,-1.20247,-0.822864,1.89429,-1.18672,-0.811016,1.91098
-0.0868091,1.09466,-2.53793,-3.35094,838958817,-1.07082,-0.724616,1.73393,-1.08511,-0.735356,1.71879,-1.07153,-0.752779,1.71879,-1.05743,-0.741791,1.73393,-1.18815,-0.812918,1.91098,-1.20391,-0.824761,1.89429,-1.18877,-0.844182,1.89429,-1.17322,-0.832065,1.91098
0.152228,1.09532,-2.48623,21.6677,838958820,-1.03095,-0.778195,1.73393,-1.04466,-0.78967,1.71879,-1.03047,-0.806608,1.71879,-1.01697,-0.794892,1.73393,-1.14352,-0.872458,1.91098,-1.15863,-0.885111,1.89429,-1.14282,-0.903991,1.89429,-1.12794,-0.891072,1.91098
0.540222,1.09462,-2.4689,1.37906,838958821,-1.01835,-0.796792,1.73393,-1.03186,-0.808503,1.71879,-1.01709,-0.824936,1.71879,-1.0038,-0.81299,1.73393,-1.12923,-0.893069,1.91098,-1.14412,-0.905984,1.89429,-1.12766,-0.9243,1.89429,-1.113,-0.911127,1.91098
1.74285,1.09532,-2.45172,0.633331,838958822,-1.0035,-0.813317,1.73393,-1.0168,-0.825262,1.71879,-1.00203,-0.841695,1.71879,-0.988946,-0.829515,1.73393,-1.11271,-0.911453,1.91098,-1.12737,-0.924626,1.89429,-1.11091,-0.942943,1.89429,-1.09648,-0.929511,1.91098
7.52711,1.09462,-2.43439,-0.298809,838958823,-0.990259,-0.831461,1.73393,-1.00335,-0.843637,1.71879,-0.988014,-0.859544,1.71879,-0.975146,-0.847142,1.73393,-1.09771,-0.931553,1.91098,-1.11214,-0.944979,1.89429,-1.09505,-0.96271,1.89429,-1.08086,-0.949033,1.91098
1.63868,1.09532,-2.41721,0.538484,838958824,-0.974841,-0.847458,1.73393,-0.987709,-0.85986,1.71879,-0.972377,-0.875768,1.71879,-0.959728,-0.863138,1.73393,-1.08056,-0.949349,1.91098,-1.09475,-0.963026,1.89429,-1.07766,-0.980756,1.89429,-1.06371,-0.966829,1.91098
8.3632,1.09462,-2.39987,-0.0972422,838958825,-0.960972,-0.865129,1.73393,-0.973626,-0.877754,1.71879,-0.957748,-0.893116,1.71879,-0.945321,-0.880272,1.73393,-1.06486,-0.968912,1.91098,-1.07881,-0.982834,1.89429,-1.06112,-0.999957,1.89429,-1.04741,-0.985793,1.91098
4.69846,1.09533,-2.38269,-0.431635,838958826,-0.945005,-0.880577,1.73393,-0.957433,-0.893421,1.71879,-0.941555,-0.908783,1.71879,-0.929354,-0.89572,1.73393,-1.0471,-0.986098,1.91098,-1.0608,-1.00026,1.89429,-1.0431,-1.01738,1.89429,-1.02965,-1.00298,1.91098
1.01526,1.09464,-2.36536,-1.19409,838958827,-0.930528,-0.897753,1.73393,-0.942733,-0.910813,1.71879,-0.926328,-0.925611,1.71879,-0.914357,-0.91234,1.73393,-1.03073,-1.0051,1.91098,-1.04419,-1.0195,1.89429,-1.0259,-1.036,1.89429,-1.0127,-1.02136,1.91098
0.600259,1.09536,-2.34818,-0.0955845,838958828,-0.914031,-0.912634,1.73393,-0.926002,-0.925905,1.71879,-0.909597,-0.940703,1.71879,-0.89786,-0.927221,1.73393,-1.01237,-1.02166,1.91098,-1.02558,-1.03629,1.89429,-1.00729,-1.05278,1.89429,-0.994348,-1.03792,1.91098
0.134945,1.09468,-2.33084,6.95,838958829,-0.898963,-0.929294,1.73393,-0.910704,-0.942772,1.71879,-0.893792,-0.956988,1.71879,-0.882292,-0.943307,1.73393,-0.995352,-1.04008,1.91098,-1.0083,-1.05494,1.89429,-0.98945,-1.07078,1.89429,-0.976768,-1.0557,1.91098
0.0541774,1.0954,-2.31366,-3.1746,838958830,-0.881956,-0.943589,1.73393,-0.893456,-0.95727,1.71879,-0.876545,-0.971486,1.71879,-0.865286,-0.957603,1.73393,-0.976432,-1.05598,1.91098,-0.989114,-1.07107,1.89429,-0.970264,-1.08691,1.89429,-0.957848,-1.0716,1.91098
0.215833,1.09472,-2.29632,-1.36394,838958831,-0.866315,-0.959713,1.73393,-0.877578,-0.973593,1.71879,-0.860181,-0.987209,1.71879,-0.849165,-0.973135,1.73393,-0.958777,-1.07379,1.91098,-0.971197,-1.0891,1.89429,-0.951805,-1.10428,1.89429,-0.939658,-1.08876,1.91098
1.04297,1.09545,-2.27914,-0.525493,838958832,-0.84882,-0.973406,1.73393,-0.859835,-0.98748,1.71879,-0.842437,-1.0011,1.71879,-0.83167,-0.986828,1.73393,-0.939313,-1.08903,1.91098,-0.951459,-1.10455,1.89429,-0.932068,-1.11972,1.89429,-0.920194,-1.10399,1.91098
0.365492,1.09474,-2.2579,-2.31116,838958833,-0.828736,-0.992237,1.73393,-0.839512,-1.0065,1.71879,-0.821653,-1.0195,1.71879,-0.811132,-1.00506,1.73393,-0.917188,-1.10945,1.91098,-0.929071,-1.12518,1.89429,-0.909164,-1.13968,1.89429,-0.897563,-1.12375,1.91098
0.525839,1.09542,-2.24072,0.278294,838958834,-0.810777,-1.00532,1.73393,-0.821298,-1.01976,1.71879,-0.803438,-1.03277,1.71879,-0.793172,-1.01813,1.73393,-0.897208,-1.124,1.91098,-0.908809,-1.13994,1.89429,-0.888903,-1.15443,1.89429,-0.877582,-1.1383,1.91098
1.13022,1.0947,-2.22338,-1.36467,838958835,-0.794052,-1.02031,1.73393,-0.804323,-1.03494,1.71879,-0.786021,-1.04732,1.71879,-0.776011,-1.03251,1.73393,-0.878356,-1.14055,1.91098,-0.889682,-1.15668,1.89429,-0.869281,-1.17047,1.89429,-0.858243,-1.15414,1.91098
0.461268,1.09538,-2.2062,-2.54159,838958836,-0.775647,-1.03275,1.73393,-0.785657,-1.04756,1.71879,-0.767354,-1.05993,1.71879,-0.757605,-1.04495,1.73393,-0.85788,-1.15439,1.91098,-0.868918,-1.17072,1.89429,-0.848517,-1.18451,1.89429,-0.837767,-1.16799,1.91098
0.126245,1.09466,-2.18886,15.7767,838958837,-0.758409,-1.04716,1.73393,-0.768162,-1.06214,1.71879,-0.749439,-1.07386,1.71879,-0.739952,-1.05872,1.73393,-0.838462,-1.17026,1.91098,-0.849217,-1.18678,1.89429,-0.828348,-1.19985,1.89429,-0.817887,-1.18315,1.91098
-0.0393167,1.09463,-2.15435,-2.29543,838958839,-0.721849,-1.07274,1.73393,-0.731074,-1.08805,1.71879,-0.711952,-1.09912,1.71879,-0.703,-1.08365,1.73393,-0.797554,-1.19857,1.91098,-0.807726,-1.21545,1.89429,-0.786413,-1.22779,1.89429,-0.776541,-1.21073,1.91098
0.0459837,1.09532,-2.13717,-2.02493,838958840,-0.70262,-1.08387,1.73393,-0.711572,-1.09934,1.71879,-0.69245,-1.11041,1.71879,-0.683771,-1.09478,1.73393,-0.776161,-1.21095,1.91098,-0.786033,-1.22801,1.89429,-0.764719,-1.24034,1.89429,-0.755148,-1.22311,1.91098
-0.001546,1.09462,-2.11983,-2.63355,838958841,-0.684419,-1.09704,1.73393,-0.693103,-1.11266,1.71879,-0.673606,-1.12305,1.71879,-0.6652,-1.10728,1.73393,-0.755683,-1.22543,1.91098,-0.765259,-1.24266,1.89429,-0.743527,-1.25424,1.89429,-0.734258,-1.23685,1.91098
-0.0747084,1.09532,-2.10265,-3.14356,838958842,-0.664813,-1.10749,1.73393,-0.673219,-1.12326,1.71879,-0.653722,-1.13365,1.71879,-0.645594,-1.11773,1.73393,-0.73387,-1.23706,1.91098,-0.74314,-1.25445,1.89429,-0.721409,-1.26603,1.89429,-0.712446,-1.24847,1.91098
0.110653,1.11187,-2.60696,27.2676,838959325,-1.11812,-0.648953,1.77121,-1.13326,-0.658757,1.75626,-1.12092,-0.677086,1.75626,-1.10596,-0.667021,1.77121,-1.23979,-0.727814,1.94979,-1.25648,-0.738625,1.9333,-1.24273,-0.759055,1.9333,-1.22624,-0.747956,1.94979
0.286437,1.11255,-2.58978,4.20194,838959326,-1.10572,-0.667385,1.77121,-1.12068,-0.677451,1.75626,-1.10834,-0.69578,1.75626,-1.09356,-0.685453,1.77121,-1.22599,-0.74832,1.94979,-1.24249,-0.75942,1.9333,-1.22874,-0.77985,1.9333,-1.21244,-0.768462,1.94979
0.136472,1.11182,-2.57244,-0.835844,838959327,-1.09513,-0.687197,1.77121,-1.10991,-0.697524,1.75626,-1.09695,-0.715411,1.75626,-1.08235,-0.70483,1.77121,-1.21397,-0.77026,1.94979,-1.23027,-0.781647,1.9333,-1.21582,-0.801585,1.9333,-1.19972,-0.789916,1.94979
0.272723,1.1125,-2.55526,2.33518,838959328,-1.08209,-0.705185,1.77121,-1.09669,-0.715767,1.75626,-1.08372,-0.733654,1.75626,-1.06931,-0.722817,1.77121,-1.19947,-0.790272,1.94979,-1.21556,-0.80194,1.9333,-1.20111,-0.821878,1.9333,-1.18522,-0.809928,1.94979
-0.00944894,1.11178,-2.53793,-2.18309,838959329,-1.07082,-0.724616,1.77121,-1.08523,-0.735452,1.75626,-1.07165,-0.752876,1.75626,-1.05743,-0.741791,1.77121,-1.18669,-0.811778,1.94979,-1.20258,-0.823728,1.9333,-1.18744,-0.843148,1.9333,-1.17176,-0.830925,1.94979
0.152896,1.11247,-2.52075,12.158,838959330,-1.05716,-0.742137,1.77121,-1.07138,-0.753222,1.75626,-1.0578,-0.770646,1.75626,-1.04377,-0.759312,1.77121,-1.17149,-0.831271,1.94979,-1.18717,-0.843495,1.9333,-1.17203,-0.862915,1.9333,-1.15656,-0.850418,1.94979
0.0769314,1.11245,-2.48623,-3.30494,838959332,-1.03095,-0.778195,1.77121,-1.04478,-0.78977,1.75626,-1.03059,-0.806709,1.75626,-1.01697,-0.794892,1.77121,-1.1421,-0.871268,1.94979,-1.15734,-0.884032,1.9333,-1.14153,-0.902912,1.9333,-1.12651,-0.889882,1.94979
0.137234,1.11174,-2.4689,11.6836,838959333,-1.01835,-0.796792,1.77121,-1.03197,-0.808608,1.75626,-1.01721,-0.825041,1.75626,-1.0038,-0.81299,1.77121,-1.12785,-0.89183,1.94979,-1.14287,-0.90486,1.9333,-1.12641,-0.923176,1.9333,-1.11163,-0.909888,1.94979
0.411402,1.11244,-2.45172,-3.16376,838959334,-1.0035,-0.813317,1.77121,-1.01691,-0.825367,1.75626,-1.00215,-0.8418,1.75626,-0.988946,-0.829515,1.77121,-1.11133,-0.910214,1.94979,-1.12612,-0.923503,1.9333,-1.10966,-0.941819,1.9333,-1.0951,-0.928272,1.94979
0.577791,1.11174,-2.43438,-2.4613,838959335,-0.990259,-0.831461,1.77121,-1.00346,-0.843746,1.75626,-0.988127,-0.859653,1.75626,-0.975146,-0.847142,1.77121,-1.09637,-0.930266,1.94979,-1.11093,-0.943813,1.9333,-1.09384,-0.961543,1.9333,-1.07953,-0.947746,1.94979
1.10855,1.11245,-2.4172,-0.147448,838959336,-0.974841,-0.847458,1.77121,-0.987822,-0.859969,1.75626,-0.97249,-0.875876,1.75626,-0.959728,-0.863138,1.77121,-1.07922,-0.948062,1.94979,-1.09354,-0.961859,1.9333,-1.07645,-0.97959,1.9333,-1.06237,-0.965543,1.94979
5.88344,1.11175,-2.39987,-0.307305,838959337,-0.960972,-0.865129,1.77121,-0.973735,-0.877867,1.75626,-0.957857,-0.893229,1.75626,-0.945321,-0.880272,1.77121,-1.06357,-0.967579,1.94979,-1.07765,-0.981626,1.9333,-1.05995,-0.998749,1.9333,-1.04612,-0.984461,1.94979
0.84449,1.11246,-2.38269,0.516393,838959338,-0.945005,-0.880577,1.77121,-0.957542,-0.893534,1.75626,-0.941664,-0.908896,1.75626,-0.929354,-0.89572,1.77121,-1.04581,-0.984766,1.94979,-1.05963,-0.999054,1.9333,-1.04193,-1.01618,1.9333,-1.02836,-1.00165,1.94979
1.572,1.11177,-2.36535,0.516631,838959339,-0.930528,-0.897753,1.77121,-0.942838,-0.910929,1.75626,-0.926433,-0.925727,1.75626,-0.914357,-0.91234,1.77121,-1.02949,-1.00372,1.94979,-1.04306,-1.01825,1.9333,-1.02478,-1.03475,1.9333,-1.01146,-1.01999,1.94979
0.259971,1.11249,-2.34817,1.86257,838959340,-0.914031,-0.912634,1.77121,-0.926107,-0.926021,1.75626,-0.909702,-0.940819,1.75626,-0.89786,-0.927221,1.77121,-1.01113,-1.02028,1.94979,-1.02445,-1.03504,1.9333,-1.00616,-1.05154,1.9333,-0.993106,-1.03654,1.94979
0.0476515,1.1118,-2.33084,-2.82112,838959341,-0.898963,-0.929294,1.77121,-0.910805,-0.942892,1.75626,-0.893893,-0.957108,1.75626,-0.882292,-0.943307,1.77121,-0.994159,-1.03866,1.94979,-1.00722,-1.05365,1.9333,-0.988368,-1.0695,1.9333,-0.975575,-1.05428,1.94979
0.0837188,1.11253,-2.31366,-11.8989,838959342,-0.881956,-0.943589,1.77121,-0.893557,-0.95739,1.75626,-0.876646,-0.971606,1.75626,-0.865286,-0.957603,1.77121,-0.975239,-1.05456,1.94979,-0.988032,-1.06978,1.9333,-0.969182,-1.08562,1.9333,-0.956655,-1.07018,1.94979
0.137507,1.11184,-2.29632,19.9871,838959343,-0.866315,-0.959713,1.77121,-0.877675,-0.973716,1.75626,-0.860277,-0.987333,1.75626,-0.849165,-0.973135,1.77121,-0.957634,-1.07233,1.94979,-0.970161,-1.08778,1.9333,-0.950769,-1.10295,1.9333,-0.938516,-1.0873,1.94979
0.178831,1.11258,-2.27914,-12.0261,838959344,-0.84882,-0.973406,1.77121,-0.859932,-0.987603,1.75626,-0.842534,-1.00122,1.75626,-0.83167,-0.986828,1.77121,-0.93817,-1.08757,1.94979,-0.950424,-1.10322,1.9333,-0.931032,-1.1184,1.9333,-0.919052,-1.10253,1.94979
0.818904,1.11187,-2.2579,-0.768187,838959345,-0.828736,-0.992237,1.77121,-0.839604,-1.00663,1.75626,-0.821745,-1.01963,1.75626,-0.811132,-1.00506,1.77121,-0.916097,-1.10796,1.94979,-0.928081,-1.12382,1.9333,-0.908175,-1.13832,1.9333,-0.896471,-1.12225,1.94979
0.629119,1.11255,-2.24071,-1.26351,838959346,-0.810777,-1.00532,1.77121,-0.82139,-1.01989,1.75626,-0.803531,-1.03289,1.75626,-0.793172,-1.01813,1.77121,-0.896116,-1.12251,1.94979,-0.90782,-1.13858,1.9333,-0.887914,-1.15307,1.9333,-0.876491,-1.1368,1.94979
0.266224,1.11182,-2.22338,-0.902052,838959347,-0.794052,-1.02031,1.77121,-0.804411,-1.03507,1.75626,-0.786108,-1.04744,1.75626,-0.776011,-1.03251,1.77121,-0.877318,-1.13901,1.94979,-0.888741,-1.15529,1.9333,-0.86834,-1.16908,1.9333,-0.857205,-1.15261,1.94979
0.225077,1.1125,-2.2062,-10.9596,838959348,-0.775647,-1.03275,1.77121,-0.785745,-1.04769,1.75626,-0.767442,-1.06006,1.75626,-0.757605,-1.04495,1.77121,-0.856842,-1.15285,1.94979,-0.867976,-1.16932,1.9333,-0.847576,-1.18312,1.9333,-0.836729,-1.16645,1.94979
-0.0558398,1.11178,-2.18886,-1.46917,838959349,-0.758409,-1.04716,1.77121,-0.768246,-1.06227,1.75626,-0.749522,-1.074,1.75626,-0.739952,-1.05872,1.77121,-0.837478,-1.16869,1.94979,-0.848325,-1.18536,1.9333,-0.827455,-1.19843,1.9333,-0.816902,-1.18158,1.94979
0.0696674,1.11176,-2.15435,-1.95964,838959351,-0.721849,-1.07274,1.77121,-0.731152,-1.08819,1.75626,-0.712031,-1.09926,1.75626,-0.703,-1.08365,1.77121,-0.796625,-1.19697,1.94979,-0.806884,-1.214,1.9333,-0.785571,-1.22633,1.9333,-0.775613,-1.20913,1.94979
0.0701248,1.11245,-2.13717,24.3591,838959352,-0.70262,-1.08387,1.77121,-0.711651,-1.09948,1.75626,-0.692529,-1.11054,1.75626,-0.683771,-1.09478,1.77121,-0.775233,-1.20935,1.94979,-0.785191,-1.22655,1.9333,-0.763877,-1.23889,1.9333,-0.75422,-1.22151,1.94979
0.162748,1.11174,-2.11983,-6.54513,838959353,-0.684419,-1.09704,1.77121,-0.693177,-1.1128,1.75626,-0.67368,-1.12319,1.75626,-0.6652,-1.10728,1.77121,-0.754811,-1.22379,1.94979,-0.764468,-1.24118,1.9333,-0.742737,-1.25276,1.9333,-0.733386,-1.23521,1.94979
0.0659002,1.11244,-2.10265,-1.86321,838959354,-0.664813,-1.10749,1.77121,-0.673293,-1.1234,1.75626,-0.653796,-1.13379,1.75626,-0.645594,-1.11773,1.77121,-0.732999,-1.23542,1.94979,-0.742349,-1.25296,1.9333,-0.720618,-1.26455,1.9333,-0.711574,-1.24684,1.94979
-0.00168886,1.12897,-2.60696,-1.6467,838959837,-1.11812,-0.648953,1.80898,-1.13338,-0.658843,1.79421,-1.12105,-0.677173,1.79421,-1.10596,-0.667021,1.80898,-1.23824,-0.72677,1.98905,-1.25507,-0.737677,1.97277,-1.24132,-0.758107,1.97277,-1.22469,-0.746912,1.98905
-0.0706078,1.12966,-2.58978,-2.09569,838959838,-1.10572,-0.667385,1.80898,-1.12081,-0.677537,1.79421,-1.10847,-0.695866,1.79421,-1.09356,-0.685453,1.80898,-1.22444,-0.747277,1.98905,-1.24108,-0.758471,1.97277,-1.22733,-0.778902,1.97277,-1.21089,-0.767419,1.98905
0.279958,1.12892,-2.57244,-9.65172,838959839,-1.09513,-0.687197,1.80898,-1.11004,-0.697615,1.79421,-1.09707,-0.715502,1.79421,-1.08235,-0.70483,1.80898,-1.21246,-0.769163,1.98905,-1.2289,-0.78065,1.97277,-1.21445,-0.800588,1.97277,-1.19821,-0.788819,1.98905
0.0396815,1.12961,-2.55526,-2.00479,838959840,-1.08209,-0.705185,1.80898,-1.09682,-0.715858,1.79421,-1.08385,-0.733745,1.79421,-1.06931,-0.722817,1.80898,-1.19795,-0.789174,1.98905,-1.21419,-0.800943,1.97277,-1.19974,-0.820881,1.97277,-1.1837,-0.808831,1.98905
0.0829883,1.12889,-2.53792,23.8382,838959841,-1.07082,-0.724616,1.80898,-1.08535,-0.735547,1.79421,-1.07177,-0.752971,1.79421,-1.05743,-0.741791,1.80898,-1.18521,-0.810629,1.98905,-1.20124,-0.822683,1.97277,-1.1861,-0.842104,1.97277,-1.17029,-0.829775,1.98905
0.178913,1.12956,-2.48623,-25.8604,838959844,-1.03095,-0.778195,1.80898,-1.04489,-0.78987,1.79421,-1.03071,-0.806808,1.79421,-1.01697,-0.794892,1.80898,-1.14067,-0.870068,1.98905,-1.15604,-0.882941,1.97277,-1.14023,-0.901821,1.97277,-1.12508,-0.888681,1.98905
0.0953272,1.12885,-2.46889,-3.75785,838959845,-1.01835,-0.796792,1.80898,-1.03209,-0.808712,1.79421,-1.01732,-0.825144,1.79421,-1.0038,-0.81299,1.80898,-1.12646,-0.89058,1.98905,-1.14161,-0.903725,1.97277,-1.12515,-0.922041,1.97277,-1.11023,-0.908638,1.98905
0.352026,1.12955,-2.45171,3.12562,838959846,-1.0035,-0.813317,1.80898,-1.01703,-0.825471,1.79421,-1.00226,-0.841904,1.79421,-0.988946,-0.829515,1.80898,-1.10994,-0.908965,1.98905,-1.12486,-0.922368,1.97277,-1.1084,-0.940684,1.97277,-1.09371,-0.927023,1.98905
0.251438,1.12884,-2.43438,3.76686,838959847,-0.990259,-0.831461,1.80898,-1.00357,-0.843854,1.79421,-0.988238,-0.859761,1.79421,-0.975146,-0.847142,1.80898,-1.09503,-0.928969,1.98905,-1.10971,-0.942634,1.97277,-1.09262,-0.960364,1.97277,-1.07818,-0.946449,1.98905
0.430967,1.12956,-2.4172,4.851,838959848,-0.974841,-0.847458,1.80898,-0.987934,-0.860077,1.79421,-0.972602,-0.875984,1.79421,-0.959728,-0.863138,1.80898,-1.07787,-0.946765,1.98905,-1.09231,-0.96068,1.97277,-1.07522,-0.978411,1.97277,-1.06103,-0.964245,1.98905
1.15473,1.12885,-2.39986,1.03887,838959849,-0.960972,-0.865129,1.80898,-0.973843,-0.877978,1.79421,-0.957965,-0.89334,1.79421,-0.945321,-0.880272,1.80898,-1.06227,-0.966236,1.98905,-1.07646,-0.980405,1.97277,-1.05877,-0.997528,1.97277,-1.04482,-0.983117,1.98905
0.612341,1.12957,-2.38269,-1.13099,838959850,-0.945005,-0.880577,1.80898,-0.957649,-0.893645,1.79421,-0.941771,-0.909007,1.79421,-0.929354,-0.89572,1.80898,-1.04451,-0.983422,1.98905,-1.05845,-0.997833,1.97277,-1.04075,-1.01496,1.97277,-1.02706,-1.0003,1.98905
0.29616,1.12887,-2.36535,8.20007,838959851,-0.930528,-0.897753,1.80898,-0.942942,-0.911044,1.79421,-0.926537,-0.925842,1.79421,-0.914357,-0.91234,1.80898,-1.02823,-1.00234,1.98905,-1.04192,-1.01699,1.97277,-1.02364,-1.03349,1.97277,-1.01021,-1.0186,1.98905
0.126083,1.1296,-2.34817,-1.73728,838959852,-0.914031,-0.912634,1.80898,-0.926211,-0.926136,1.79421,-0.909806,-0.940934,1.79421,-0.89786,-0.927221,1.80898,-1.00988,-1.01889,1.98905,-1.02331,-1.03378,1.97277,-1.00503,-1.05027,1.97277,-0.991854,-1.03515,1.98905
0.0738069,1.1289,-2.33083,57.8999,838959853,-0.898963,-0.929294,1.80898,-0.910905,-0.94301,1.79421,-0.893993,-0.957226,1.79421,-0.882292,-0.943307,1.80898,-0.992956,-1.03723,1.98905,-1.00613,-1.05235,1.97277,-0.987275,-1.0682,1.97277,-0.974372,-1.05285,1.98905
0.0315975,1.12964,-2.31365,110.345,838959854,-0.881956,-0.943589,1.80898,-0.893657,-0.957509,1.79421,-0.876745,-0.971725,1.79421,-0.865286,-0.957603,1.80898,-0.974036,-1.05313,1.98905,-0.986939,-1.06848,1.97277,-0.968089,-1.08432,1.97277,-0.955452,-1.06875,1.98905
0.0407674,1.12895,-2.29631,-2.71365,838959855,-0.866315,-0.959713,1.80898,-0.87777,-0.973838,1.79421,-0.860373,-0.987455,1.79421,-0.849165,-0.973135,1.80898,-0.956482,-1.07086,1.98905,-0.969114,-1.08644,1.97277,-0.949722,-1.10162,1.97277,-0.937364,-1.08582,1.98905
-0.0769641,1.12969,-2.27913,-2.80009,838959856,-0.84882,-0.973406,1.80898,-0.860027,-0.987725,1.79421,-0.842629,-1.00134,1.79421,-0.83167,-0.986828,1.80898,-0.937018,-1.0861,1.98905,-0.949377,-1.10189,1.97277,-0.929985,-1.11706,1.97277,-0.9179,-1.10106,1.98905
0.0991471,1.12897,-2.25789,-1.2788,838959857,-0.828737,-0.992237,1.80898,-0.839696,-1.00675,1.79421,-0.821836,-1.01976,1.79421,-0.811132,-1.00506,1.80898,-0.914996,-1.10644,1.98905,-0.927081,-1.12245,1.97277,-0.907175,-1.13695,1.97277,-0.895371,-1.12074,1.98905
0.136795,1.12966,-2.24071,13.3043,838959858,-0.810777,-1.00532,1.80898,-0.821481,-1.02001,1.79421,-0.803622,-1.03302,1.79421,-0.793172,-1.01813,1.80898,-0.895016,-1.12099,1.98905,-0.90682,-1.1372,1.97277,-0.886913,-1.1517,1.97277,-0.87539,-1.13529,1.98905
0.140557,1.12892,-2.22337,-7.94929,838959859,-0.794052,-1.02031,1.80898,-0.804498,-1.0352,1.79421,-0.786195,-1.04757,1.79421,-0.776011,-1.03251,1.80898,-0.876271,-1.13746,1.98905,-0.887789,-1.15388,1.97277,-0.867389,-1.16767,1.97277,-0.856158,-1.15106,1.98905
0.0715712,1.12961,-2.20619,-13.5827,838959860,-0.775647,-1.03275,1.80898,-0.785831,-1.04782,1.79421,-0.767529,-1.06019,1.79421,-0.757605,-1.04495,1.80898,-0.855794,-1.15131,1.98905,-0.867025,-1.16792,1.97277,-0.846624,-1.18171,1.97277,-0.835682,-1.1649,1.98905
-0.0394378,1.12889,-2.18886,-1.85646,838959861,-0.758409,-1.04716,1.80898,-0.768328,-1.0624,1.79421,-0.749604,-1.07413,1.79421,-0.739952,-1.05872,1.80898,-0.836486,-1.16711,1.98905,-0.847423,-1.18392,1.97277,-0.826554,-1.19699,1.97277,-0.81591,-1.18,1.98905
-0.000209947,1.12886,-2.15434,-1.22717,838959863,-0.721849,-1.07274,1.80898,-0.73123,-1.08832,1.79421,-0.712108,-1.09939,1.79421,-0.703,-1.08365,1.80898,-0.795689,-1.19535,1.98905,-0.806033,-1.21253,1.97277,-0.78472,-1.22486,1.97277,-0.774676,-1.20751,1.98905
0.0515526,1.12956,-2.13716,12.7935,838959864,-0.70262,-1.08387,1.80898,-0.711728,-1.09961,1.79421,-0.692606,-1.11068,1.79421,-0.683771,-1.09478,1.80898,-0.774296,-1.20773,1.98905,-0.78434,-1.22508,1.97277,-0.763026,-1.23742,1.97277,-0.753284,-1.21989,1.98905
0.362403,1.12885,-2.11983,38.6301,838959865,-0.684419,-1.09704,1.80898,-0.693249,-1.11293,1.79421,-0.673753,-1.12333,1.79421,-0.6652,-1.10728,1.80898,-0.753931,-1.22214,1.98905,-0.763669,-1.23968,1.97277,-0.741938,-1.25126,1.97277,-0.732507,-1.23356,1.98905
-0.0913488,1.12955,-2.10265,-1.58796,838959866,-0.664813,-1.10749,1.80898,-0.673365,-1.12353,1.79421,-0.653869,-1.13392,1.79421,-0.645594,-1.11773,1.80898,-0.732119,-1.23377,1.98905,-0.741551,-1.25147,1.97277,-0.719819,-1.26305,1.97277,-0.710695,-1.24519,1.98905
0.32902,1.15208,0.513401,-7.3159,838960168,1.13055,0.62439,1.8594,1.14627,0.634193,1.84468,1.13457,0.652952,1.84468,1.11903,0.642868,1.8594,1.25048,0.699186,2.04086,1.26769,0.70992,2.02474,1.25473,0.730695,2.02474,1.23771,0.719653,2.04086
0.175256,1.15195,0.724401,0.584487,838960180,0.97484,0.847458,1.8594,0.988178,0.860314,1.84468,0.972836,0.876232,1.84468,0.959727,0.863139,1.8594,1.07661,0.945543,2.04086,1.09121,0.95962,2.02474,1.07422,0.977249,2.02474,1.05987,0.962911,2.04086
0.13922,1.15126,-3.06348,1.4509,838960323,-1.28989,-0.0895858,1.8594,-1.30828,-0.0918196,1.84468,-1.30523,-0.113716,1.84468,-1.28688,-0.111154,1.8594,-1.4302,-0.106808,2.04086,-1.45034,-0.109254,2.02474,-1.44695,-0.133503,2.02474,-1.42686,-0.130698,2.04086
0.107984,1.15203,-2.66271,28.9497,838960346,-1.15149,-0.585038,1.8594,-1.16754,-0.594286,1.84468,-1.15651,-0.613443,1.84468,-1.14062,-0.603908,1.8594,-1.27396,-0.6556,2.04086,-1.29154,-0.665727,2.02474,-1.27931,-0.686941,2.02474,-1.26192,-0.676501,2.04086
0.00874085,1.15208,-2.62819,-2.7081,838960348,-1.13055,-0.62439,1.8594,-1.14627,-0.634193,1.84468,-1.13457,-0.652952,1.84468,-1.11903,-0.642868,1.8594,-1.25048,-0.699186,2.04086,-1.26769,-0.70992,2.02474,-1.25473,-0.730695,2.02474,-1.23771,-0.719653,2.04086
0.0152805,1.15136,-2.60696,-2.66831,838960349,-1.11812,-0.648952,1.8594,-1.13368,-0.65902,1.84468,-1.12133,-0.677362,1.84468,-1.10596,-0.66702,1.8594,-1.23669,-0.725916,2.04086,-1.25372,-0.73694,2.02474,-1.24006,-0.757253,2.02474,-1.22323,-0.745928,2.04086
0.0926884,1.15205,-2.58977,33.3312,838960350,-1.10572,-0.667386,1.8594,-1.12109,-0.677728,1.84468,-1.10874,-0.69607,1.84468,-1.09356,-0.685454,1.8594,-1.22298,-0.746294,2.04086,-1.23981,-0.757619,2.02474,-1.22614,-0.777932,2.02474,-1.20951,-0.766307,2.04086
0.0279049,1.15131,-2.57244,-2.66125,838960351,-1.09513,-0.687197,1.8594,-1.11033,-0.697801,1.84468,-1.09735,-0.715702,1.84468,-1.08235,-0.704829,1.8594,-1.21094,-0.768254,2.04086,-1.22758,-0.779866,2.02474,-1.21321,-0.79969,2.02474,-1.19679,-0.787784,2.04086
-0.0690417,1.152,-2.55525,-2.15307,838960352,-1.08209,-0.705186,1.8594,-1.09709,-0.716059,1.84468,-1.08411,-0.733959,1.84468,-1.06931,-0.722818,1.8594,-1.19653,-0.788141,2.04086,-1.21295,-0.800047,2.02474,-1.19858,-0.81987,2.02474,-1.18237,-0.807671,2.04086
0.175262,1.15197,-2.52074,9.62306,838960354,-1.05716,-0.742138,1.8594,-1.07177,-0.753528,1.84468,-1.05818,-0.770963,1.84468,-1.04377,-0.759313,1.8594,-1.16863,-0.829039,2.04086,-1.18462,-0.841511,2.02474,-1.16957,-0.86082,2.02474,-1.1538,-0.848063,2.04086
0.108927,1.15123,-2.39986,41.2299,838960361,-0.960973,-0.865128,1.8594,-0.974092,-0.878212,1.84468,-0.958203,-0.893584,1.84468,-0.945322,-0.880271,1.8594,-1.06094,-0.965078,2.04086,-1.0753,-0.979404,2.02474,-1.0577,-0.996428,2.02474,-1.0436,-0.98185,2.04086
0.137427,1.15196,-2.38268,-3.79184,838960362,-0.945004,-0.880578,1.8594,-0.957885,-0.893891,1.84468,-0.941996,-0.909264,1.84468,-0.929353,-0.89572,1.8594,-1.04328,-0.982157,2.04086,-1.05739,-0.996735,2.02474,-1.03979,-1.01376,2.02474,-1.02595,-0.998929,2.04086
0.247125,1.15126,-2.36534,-1.27683,838960363,-0.930529,-0.897752,1.8594,-0.943182,-0.911286,1.84468,-0.926766,-0.926094,1.84468,-0.914358,-0.912339,1.8594,-1.02694,-1.00113,2.04086,-1.04079,-1.01595,2.02474,-1.02261,-1.03235,2.02474,-1.00903,-1.01729,2.04086
0.132715,1.15133,-2.29631,-2.75381,838960367,-0.866316,-0.959712,1.8594,-0.877994,-0.974096,1.84468,-0.860584,-0.987723,1.84468,-0.849166,-0.973135,1.8594,-0.955274,-1.06957,2.04086,-0.968062,-1.08532,2.02474,-0.948781,-1.10041,2.02474,-0.936279,-1.08444,2.04086
0.0989334,1.15136,-2.25789,-15.2898,838960369,-0.828737,-0.992236,1.8594,-0.83991,-1.00702,1.84468,-0.822038,-1.02003,1.84468,-0.811133,-1.00506,1.8594,-0.913834,-1.10511,2.04086,-0.926068,-1.1213,2.02474,-0.906276,-1.13571,2.02474,-0.894335,-1.11931,2.04086
0.118841,1.152,-2.20619,-2.42684,838960372,-0.775646,-1.03276,1.8594,-0.786021,-1.0481,1.84468,-0.767706,-1.06048,1.84468,-0.757605,-1.04495,1.8594,-0.854807,-1.14985,2.04086,-0.866168,-1.16665,2.02474,-0.845885,-1.18036,2.02474,-0.834824,-1.16336,2.04086
0.0224605,1.15124,-2.15434,-2.48119,838960375,-0.72185,-1.07274,1.8594,-0.731415,-1.08861,1.84468,-0.71228,-1.09968,1.84468,-0.703001,-1.08365,1.8594,-0.794673,-1.1939,2.04086,-0.805146,-1.21128,2.02474,-0.783955,-1.22354,2.02474,-0.773795,-1.20598,2.04086
0.00407978,1.15195,-2.13715,-1.59901,838960376,-0.702619,-1.08387,1.8594,-0.711898,-1.09991,1.84468,-0.692763,-1.11098,1.84468,-0.68377,-1.09478,1.8594,-0.773413,-1.2062,2.04086,-0.783573,-1.22376,2.02474,-0.762382,-1.23602,2.02474,-0.752535,-1.21829,2.04086
-0.124869,1.15123,-2.11982,-1.30281,838960377,-0.68442,-1.09704,1.8594,-0.693424,-1.11323,1.84468,-0.673914,-1.12363,1.84468,-0.665201,-1.10728,1.8594,-0.752966,-1.22066,2.04086,-0.762826,-1.23839,2.02474,-0.74122,-1.24991,2.02474,-0.731679,-1.23201,2.04086
0.0132629,1.15194,-2.10264,-2.18399,838960378,-0.664812,-1.10749,1.8594,-0.673525,-1.12383,1.84468,-0.654014,-1.13423,1.84468,-0.645593,-1.11773,1.8594,-0.73129,-1.23222,2.04086,-0.74083,-1.25012,2.02474,-0.719224,-1.26163,2.02474,-0.710003,-1.24356,2.04086
0.139917,1.15195,-2.06813,6.6806,838960380,-0.626202,-1.12977,1.8594,-0.634339,-1.14641,1.84468,-0.614478,-1.15612,1.84468,-0.606638,-1.13933,1.8594,-0.688284,-1.25674,2.04086,-0.697193,-1.27496,2.02474,-0.675198,-1.28572,2.02474,-0.666613,-1.26734,2.04086
0.206644,1.16915,0.444368,14.8473,838960676,1.17105,0.544979,1.89852,1.18754,0.553728,1.88398,1.17718,0.573258,1.88398,1.16084,0.564217,1.89852,1.29434,0.610389,2.08135,1.31239,0.619969,2.06543,1.30092,0.641597,2.06543,1.28303,0.631698,2.08135
0.173362,1.16846,1.61636,38.6227,838960743,-0.0475632,1.29201,1.89852,-0.0491659,1.31061,1.88398,-0.0711557,1.30833,1.88398,-0.0692241,1.28976,1.89852,-0.0596726,1.43107,2.08135,-0.0614275,1.45144,2.06543,-0.0857799,1.44891,2.06543,-0.0836648,1.42857,2.08135
0.807641,1.16913,-2.52073,-3.29776,838960866,-1.05716,-0.742138,1.89852,-1.07188,-0.753615,1.88398,-1.05829,-0.771051,1.88398,-1.04377,-0.759313,1.89852,-1.16723,-0.827949,2.08135,-1.18335,-0.840516,2.06543,-1.16829,-0.859826,2.06543,-1.1524,-0.846972,2.08135
0.113924,1.1684,-2.5034,1.29369,838960867,-1.04522,-0.761161,1.89852,-1.05974,-0.772892,1.88398,-1.04555,-0.789843,1.88398,-1.03124,-0.777858,1.89852,-1.15373,-0.848967,2.08135,-1.16963,-0.861812,2.06543,-1.15391,-0.880584,2.06543,-1.13824,-0.867461,2.08135
0.14716,1.16912,-2.38267,-21.2005,838960874,-0.945005,-0.880578,1.89852,-0.957985,-0.893994,1.88398,-0.942095,-0.909366,1.88398,-0.929353,-0.89572,1.89852,-1.04205,-0.980882,2.08135,-1.05626,-0.995573,2.06543,-1.03867,-1.0126,2.06543,-1.02471,-0.997654,2.08135
0.15758,1.16841,-2.36534,27.7394,838960875,-0.930529,-0.897752,1.89852,-0.943278,-0.911392,1.88398,-0.926861,-0.9262,1.88398,-0.914358,-0.912339,1.89852,-1.02575,-0.999815,2.08135,-1.03971,-1.01475,2.06543,-1.02153,-1.03115,2.06543,-1.00784,-1.01597,2.08135
0.11493,1.16921,-2.2407,-0.0625432,838960882,-0.810776,-1.00532,1.89852,-0.821765,-1.02041,1.88398,-0.803893,-1.03342,1.88398,-0.793171,-1.01814,1.89852,-0.892934,-1.11814,2.08135,-0.904967,-1.13466,2.06543,-0.885175,-1.14907,2.06543,-0.873435,-1.13234,2.08135
0.0138854,1.1684,-2.15433,-2.00003,838960887,-0.72185,-1.07274,1.89852,-0.731487,-1.08873,1.88398,-0.712351,-1.09981,1.88398,-0.703001,-1.08365,1.89852,-0.793784,-1.19237,2.08135,-0.804336,-1.20988,2.06543,-0.783145,-1.22214,2.06543,-0.772906,-1.20445,2.08135
0.140659,1.16911,-2.13715,-11.0685,838960888,-0.702619,-1.08387,1.89852,-0.711969,-1.10003,1.88398,-0.692834,-1.1111,1.88398,-0.68377,-1.09478,1.89852,-0.772525,-1.20467,2.08135,-0.782763,-1.22236,2.06543,-0.761572,-1.23462,2.06543,-0.751647,-1.21675,2.08135
0.00455276,1.16838,-2.11982,-1.6567,838960889,-0.68442,-1.09704,1.89852,-0.693491,-1.11335,1.88398,-0.673981,-1.12375,1.88398,-0.665201,-1.10728,1.89852,-0.752132,-1.2191,2.08135,-0.762065,-1.23697,2.06543,-0.740459,-1.24848,2.06543,-0.730845,-1.23044,2.08135
-0.0191648,1.1691,-2.10264,-3.185,838960890,-0.664812,-1.10749,1.89852,-0.673592,-1.12396,1.88398,-0.654081,-1.13436,1.88398,-0.645593,-1.11773,1.89852,-0.730455,-1.23065,2.08135,-0.74007,-1.24869,2.06543,-0.718463,-1.2602,2.06543,-0.709168,-1.242,2.08135
0.379573,1.18551,-2.81795,2.8065,838961361,-1.22946,-0.400442,1.93814,-1.24703,-0.407163,1.92378,-1.23876,-0.42767,1.92378,-1.22132,-0.420642,1.93814,-1.35813,-0.449754,2.12232,-1.37737,-0.457114,2.1066,-1.36822,-0.479824,2.1066,-1.34912,-0.472128,2.12232
1.45344,1.18624,-2.80077,-0.336369,838961362,-1.22115,-0.421051,1.93814,-1.2386,-0.428079,1.92378,-1.23034,-0.448586,1.92378,-1.21302,-0.441251,1.93814,-1.34895,-0.472537,2.12232,-1.36805,-0.480233,2.1066,-1.3589,-0.502943,2.1066,-1.33994,-0.494912,2.12232
0.0844342,1.1863,-2.55525,-2.4267,838961376,-1.08209,-0.705186,1.93814,-1.09732,-0.716225,1.92378,-1.08434,-0.734125,1.92378,-1.06931,-0.722818,1.93814,-1.19364,-0.786051,2.12232,-1.21032,-0.798139,2.1066,-1.19595,-0.817962,2.1066,-1.17949,-0.805581,2.12232
-0.0171427,1.18555,-2.53791,-2.6935,838961377,-1.07082,-0.724615,1.93814,-1.08586,-0.735918,1.92378,-1.07226,-0.753354,1.92378,-1.05743,-0.74179,1.93814,-1.18092,-0.807478,2.12232,-1.19739,-0.819855,2.1066,-1.18233,-0.839164,2.1066,-1.16609,-0.826502,2.12232
-0.00170411,1.18627,-2.52073,-3.69615,838961378,-1.05716,-0.742138,1.93814,-1.07199,-0.753702,1.92378,-1.0584,-0.771138,1.92378,-1.04377,-0.759313,1.93814,-1.16582,-0.82685,2.12232,-1.18206,-0.839512,2.1066,-1.16701,-0.858821,2.1066,-1.15099,-0.845873,2.12232
-0.00105342,1.18553,-2.5034,-3.97184,838961379,-1.04522,-0.761161,1.93814,-1.05985,-0.772983,1.92378,-1.04566,-0.789933,1.92378,-1.03124,-0.777858,1.93814,-1.15236,-0.847819,2.12232,-1.16838,-0.860764,2.1066,-1.15266,-0.879535,2.1066,-1.13687,-0.866313,2.12232
0.00909594,1.18625,-2.48622,-3.14595,838961380,-1.03095,-0.778196,1.93814,-1.04537,-0.790271,1.92378,-1.03118,-0.807222,1.92378,-1.01697,-0.794893,1.93814,-1.13659,-0.866652,2.12232,-1.15238,-0.879874,2.1066,-1.13666,-0.898645,2.1066,-1.1211,-0.885146,2.12232
-0.0471091,1.18551,-2.46888,-3.27136,838961381,-1.01835,-0.796791,1.93814,-1.03256,-0.809116,1.92378,-1.01779,-0.82556,1.92378,-1.0038,-0.812989,1.93814,-1.1224,-0.887138,2.12232,-1.13796,-0.900634,2.1066,-1.12159,-0.918845,2.1066,-1.10628,-0.90508,2.12232
-0.0176305,1.18624,-2.4517,-2.53178,838961382,-1.0035,-0.813317,1.93814,-1.01749,-0.825889,1.92378,-1.00271,-0.842333,1.92378,-0.988945,-0.829516,1.93814,-1.10598,-0.905408,2.12232,-1.1213,-0.919174,2.1066,-1.10494,-0.937385,2.1066,-1.08986,-0.92335,2.12232
0.00957985,1.18632,-2.31364,-3.13581,838961390,-0.881955,-0.94359,1.93814,-0.894058,-0.957987,1.92378,-0.877134,-0.972213,1.92378,-0.865285,-0.957603,1.93814,-0.970611,-1.04906,2.12232,-0.983863,-1.06482,2.1066,-0.965121,-1.08058,2.1066,-0.952146,-1.06458,2.12232
0.0263855,1.18562,-2.2963,-2.48326,838961391,-0.866316,-0.959712,1.93814,-0.878168,-0.974319,1.92378,-0.860758,-0.987946,1.92378,-0.849166,-0.973135,1.93814,-0.953079,-1.06677,2.12232,-0.966058,-1.08276,2.1066,-0.946777,-1.09785,2.1066,-0.934084,-1.08163,2.12232
0.0528858,1.18637,-2.27912,47.2141,838961392,-0.848819,-0.973407,1.93814,-0.860411,-0.988217,1.92378,-0.843001,-1.00184,1.92378,-0.831669,-0.986829,1.93814,-0.933736,-1.0819,2.12232,-0.94643,-1.09812,2.1066,-0.927149,-1.11321,2.1066,-0.914741,-1.09677,2.12232
0.0893422,1.18564,-2.25788,10.3314,838961393,-0.828737,-0.992236,1.93814,-0.840076,-1.00725,1.92378,-0.822205,-1.02026,1.92378,-0.811133,-1.00506,1.93814,-0.911738,-1.10223,2.12232,-0.924154,-1.11867,2.1066,-0.904362,-1.13308,2.1066,-0.892238,-1.11643,2.12232
0.0434732,1.18634,-2.2407,-46.8194,838961394,-0.810776,-1.00532,1.93814,-0.821848,-1.02052,1.92378,-0.803976,-1.03353,1.92378,-0.793171,-1.01814,1.93814,-0.891882,-1.11669,2.12232,-0.904005,-1.13334,2.1066,-0.884213,-1.14775,2.1066,-0.872383,-1.13089,2.12232
0.257731,1.20343,-3.01177,-32.8699,838961862,-1.28214,-0.155922,1.97827,-1.30081,-0.159196,1.9641,-1.29699,-0.180972,1.9641,-1.27838,-0.177372,1.97827,-1.41608,-0.179416,2.16379,-1.43651,-0.183001,2.14826,-1.43228,-0.207116,2.14826,-1.41191,-0.203175,2.16379
0.10111,1.20273,-2.99443,-2.19164,838961863,-1.28053,-0.178325,1.97827,-1.29913,-0.181925,1.9641,-1.29455,-0.203554,1.9641,-1.27602,-0.199631,1.97827,-1.41404,-0.20419,2.16379,-1.43442,-0.208131,2.14826,-1.42935,-0.232085,2.14826,-1.40905,-0.227788,2.16379
0.0261442,1.20341,-2.55524,-52.0747,838961888,-1.08209,-0.705186,1.97827,-1.09743,-0.716306,1.9641,-1.08446,-0.734206,1.9641,-1.06931,-0.722818,1.97827,-1.19219,-0.784995,2.16379,-1.20898,-0.797172,2.14826,-1.19461,-0.816995,2.14826,-1.17803,-0.804525,2.16379
0.0884542,1.20266,-2.53791,-40.0204,838961889,-1.07082,-0.724615,1.97827,-1.08597,-0.736003,1.9641,-1.07237,-0.753439,1.9641,-1.05743,-0.74179,1.97827,-1.1795,-0.806371,2.16379,-1.19609,-0.818842,2.14826,-1.18103,-0.838151,2.14826,-1.16467,-0.825395,2.16379
-0.0673071,1.20338,-2.52073,-1.93473,838961890,-1.05716,-0.742138,1.97827,-1.0721,-0.753787,1.9641,-1.05851,-0.771223,1.9641,-1.04377,-0.759313,1.97827,-1.1644,-0.825743,2.16379,-1.18076,-0.838499,2.14826,-1.16571,-0.857808,2.14826,-1.14957,-0.844766,2.16379
-0.00228376,1.20263,-2.50339,-2.61227,838961891,-1.04522,-0.761161,1.97827,-1.05996,-0.773072,1.9641,-1.04576,-0.790022,1.9641,-1.03124,-0.777858,1.97827,-1.15098,-0.846664,2.16379,-1.16711,-0.859706,2.14826,-1.1514,-0.878477,2.14826,-1.13549,-0.865158,2.16379
0.041629,1.20336,-2.48621,-3.03666,838961892,-1.03095,-0.778196,1.97827,-1.04548,-0.79036,1.9641,-1.03128,-0.807311,1.9641,-1.01697,-0.794893,1.97827,-1.13521,-0.865496,2.16379,-1.15111,-0.878816,2.14826,-1.13539,-0.897587,2.14826,-1.11972,-0.88399,2.16379
-0.0725895,1.20262,-2.46888,-3.07872,838961893,-1.01835,-0.796791,1.97827,-1.03267,-0.809209,1.9641,-1.01789,-0.825653,1.9641,-1.0038,-0.812989,1.97827,-1.12106,-0.885935,2.16379,-1.13673,-0.899533,2.14826,-1.12037,-0.917744,2.14826,-1.10494,-0.903877,2.16379
-1.48954e-05,1.20335,-2.4517,-2.56704,838961894,-1.0035,-0.813317,1.97827,-1.01759,-0.825982,1.9641,-1.00282,-0.842426,1.9641,-0.988945,-0.829516,1.97827,-1.10464,-0.904205,2.16379,-1.12007,-0.918072,2.14826,-1.10371,-0.936283,2.14826,-1.08852,-0.922147,2.16379
0.0289142,1.20343,-2.31364,-2.52561,838961902,-0.881955,-0.94359,1.97827,-0.894147,-0.958093,1.9641,-0.877223,-0.97232,1.9641,-0.865285,-0.957603,1.97827,-0.969452,-1.04768,2.16379,-0.982802,-1.06356,2.14826,-0.96406,-1.07931,2.14826,-0.950988,-1.0632,2.16379
0.0562974,1.20273,-2.2963,50.3232,838961903,-0.866316,-0.959712,1.97827,-0.878254,-0.974429,1.9641,-0.860844,-0.988055,1.9641,-0.849166,-0.973135,1.97827,-0.95197,-1.06535,2.16379,-0.965042,-1.08146,2.14826,-0.945761,-1.09655,2.14826,-0.932974,-1.08022,2.16379
-0.0386422,1.20348,-2.27912,-3.03948,838961904,-0.848819,-0.973406,1.97827,-0.860496,-0.988327,1.9641,-0.843086,-1.00195,1.9641,-0.831669,-0.986829,1.97827,-0.932627,-1.08049,2.16379,-0.945414,-1.09682,2.14826,-0.926133,-1.11192,2.14826,-0.913632,-1.09535,2.16379
0.056808,1.20275,-2.25788,-2.46058,838961905,-0.828737,-0.992236,1.97827,-0.840158,-1.00736,1.9641,-0.822286,-1.02037,1.9641,-0.811133,-1.00506,1.97827,-0.910678,-1.10078,2.16379,-0.923184,-1.11734,2.14826,-0.903392,-1.13175,2.14826,-0.891179,-1.11498,2.16379
-0.0386298,1.20346,-2.2407,-2.26851,838961906,-0.810776,-1.00532,1.97827,-0.82193,-1.02063,1.9641,-0.804058,-1.03365,1.9641,-0.793171,-1.01814,1.97827,-0.890822,-1.11524,2.16379,-0.903035,-1.13201,2.14826,-0.883243,-1.14642,2.14826,-0.871323,-1.12944,2.16379
0.149088,1.20262,-2.11981,6.76778,838961913,-0.68442,-1.09704,1.97827,-0.693623,-1.1136,1.9641,-0.674113,-1.124,1.9641,-0.665201,-1.10728,1.97827,-0.750444,-1.21593,2.16379,-0.760522,-1.23407,2.14826,-0.738916,-1.24559,2.14826,-0.729157,-1.22728,2.16379
0.123714,1.20262,-2.0853,2.90469,838961915,-0.646163,-1.12001,1.97827,-0.654783,-1.13688,1.9641,-0.634921,-1.14659,1.9641,-0.626599,-1.12957,1.97827,-0.707995,-1.24114,2.16379,-0.717433,-1.25962,2.14826,-0.695438,-1.27037,2.14826,-0.686325,-1.25173,2.16379
0.114861,1.2197,0.358165,-22.9497,838962207,1.21492,0.442629,2.01894,1.23249,0.450072,2.00495,1.22352,0.470278,2.00495,1.20608,0.462532,2.01894,1.33849,0.494939,2.20576,1.35773,0.503089,2.19045,1.34779,0.525466,2.19045,1.3287,0.516984,2.20576
0.0661454,1.21981,-2.64536,57.5593,838962395,-1.14231,-0.605537,2.01894,-1.15868,-0.615356,2.00495,-1.14698,-0.634115,2.00495,-1.13079,-0.624016,2.01894,-1.25739,-0.674547,2.20576,-1.27531,-0.685299,2.19045,-1.26236,-0.706073,2.19045,-1.24463,-0.695015,2.20576
0.0899134,1.22057,-2.62818,25.6472,838962396,-1.13055,-0.62439,2.01894,-1.14675,-0.634489,2.00495,-1.13505,-0.653248,2.00495,-1.11903,-0.642868,2.01894,-1.24439,-0.695389,2.20576,-1.26212,-0.706448,2.19045,-1.24917,-0.727222,2.19045,-1.23163,-0.715856,2.20576
0.106264,1.21984,-2.60694,39.7929,838962397,-1.11812,-0.648952,2.01894,-1.13414,-0.659332,2.00495,-1.1218,-0.677674,2.00495,-1.10596,-0.66702,2.01894,-1.23074,-0.72191,2.20576,-1.24828,-0.733276,2.19045,-1.23461,-0.753589,2.19045,-1.21727,-0.741923,2.20576
-0.0331244,1.22055,-2.58976,-3.91282,838962398,-1.10572,-0.667386,2.01894,-1.12155,-0.67804,2.00495,-1.10921,-0.696383,2.00495,-1.09356,-0.685454,2.01894,-1.21703,-0.742289,2.20576,-1.23437,-0.753955,2.19045,-1.2207,-0.774268,2.19045,-1.20356,-0.762301,2.20576
0.0161812,1.21979,-2.57242,-73.1918,838962399,-1.09513,-0.687197,2.01894,-1.11078,-0.69813,2.00495,-1.0978,-0.71603,2.00495,-1.08235,-0.704829,2.01894,-1.20513,-0.764043,2.20576,-1.22227,-0.776015,2.19045,-1.2079,-0.795838,2.19045,-1.19098,-0.783573,2.20576
-0.0915808,1.2205,-2.55524,-3.8038,838962400,-1.08209,-0.705186,2.01894,-1.09754,-0.716387,2.00495,-1.08457,-0.734287,2.00495,-1.06931,-0.722818,2.01894,-1.19072,-0.783931,2.20576,-1.20764,-0.796196,2.19045,-1.19327,-0.816019,2.19045,-1.17656,-0.803461,2.20576
0.0793021,1.21975,-2.53791,-3.56954,838962401,-1.07082,-0.724615,2.01894,-1.08607,-0.736088,2.00495,-1.07248,-0.753524,2.00495,-1.05743,-0.74179,2.01894,-1.17807,-0.805257,2.20576,-1.19477,-0.81782,2.19045,-1.17972,-0.837129,2.19045,-1.16324,-0.82428,2.20576
0.309054,1.22047,-2.52073,4.49728,838962402,-1.05716,-0.742138,2.01894,-1.07221,-0.753872,2.00495,-1.05862,-0.771307,2.00495,-1.04377,-0.759313,2.01894,-1.16297,-0.824628,2.20576,-1.17945,-0.837477,2.19045,-1.1644,-0.856786,2.19045,-1.14814,-0.843652,2.20576
-0.111478,1.21972,-2.50339,-4.35226,838962403,-1.04522,-0.761161,2.01894,-1.06006,-0.77316,2.00495,-1.04587,-0.79011,2.00495,-1.03124,-0.777858,2.01894,-1.14959,-0.8455,2.20576,-1.16584,-0.858638,2.19045,-1.15012,-0.87741,2.19045,-1.1341,-0.863994,2.20576
0.143193,1.22045,-2.48621,1.06384,838962404,-1.03095,-0.778196,2.01894,-1.04558,-0.790448,2.00495,-1.03139,-0.807399,2.00495,-1.01697,-0.794893,2.01894,-1.13382,-0.864332,2.20576,-1.14984,-0.877748,2.19045,-1.13412,-0.89652,2.19045,-1.11833,-0.882826,2.20576
0.0511147,1.2197,-2.46888,-3.19349,838962405,-1.01835,-0.796791,2.01894,-1.03277,-0.809301,2.00495,-1.01799,-0.825745,2.00495,-1.0038,-0.812989,2.01894,-1.11971,-0.884723,2.20576,-1.1355,-0.898421,2.19045,-1.11913,-0.916632,2.19045,-1.10359,-0.902665,2.20576
0.349793,1.22044,-2.4517,-3.57111,838962406,-1.0035,-0.813317,2.01894,-1.0177,-0.826073,2.00495,-1.00292,-0.842518,2.00495,-0.988945,-0.829516,2.01894,-1.10329,-0.902993,2.20576,-1.11884,-0.91696,2.19045,-1.10247,-0.935172,2.19045,-1.08717,-0.920935,2.20576
-0.00730861,1.22048,-2.34815,-3.9528,838962412,-0.91403,-0.912635,2.01894,-0.926813,-0.926805,2.00495,-0.910396,-0.941614,2.00495,-0.897859,-0.927221,2.01894,-1.00389,-1.01226,2.20576,-1.01789,-1.02777,2.19045,-0.999712,-1.04417,2.19045,-0.985984,-1.02841,2.20576
0.0474879,1.21977,-2.33081,-4.06561,838962413,-0.898963,-0.929293,2.01894,-0.911496,-0.943689,2.00495,-0.894573,-0.957915,2.00495,-0.882293,-0.943306,2.01894,-0.987088,-1.03049,2.20576,-1.00081,-1.04625,2.19045,-0.98207,-1.062,2.19045,-0.968623,-1.04601,2.20576
0.112015,1.22052,-2.31363,6.50432,838962414,-0.881955,-0.94359,2.01894,-0.894235,-0.958198,2.00495,-0.877312,-0.972425,2.00495,-0.865285,-0.957603,2.01894,-0.968286,-1.04629,2.20576,-0.981732,-1.06229,2.19045,-0.96299,-1.07804,2.19045,-0.949821,-1.06181,2.20576
0.199831,1.21981,-2.2963,-26.4219,838962415,-0.866316,-0.959712,2.01894,-0.878338,-0.974537,2.00495,-0.860928,-0.988163,2.00495,-0.849166,-0.973135,2.01894,-0.950852,-1.06392,2.20576,-0.964017,-1.08015,2.19045,-0.944737,-1.09524,2.19045,-0.931857,-1.07879,2.20576
0.774402,1.22057,-2.27912,1.44498,838962416,-0.848819,-0.973406,2.01894,-0.860581,-0.988435,2.00495,-0.843171,-1.00206,2.00495,-0.831669,-0.986829,2.01894,-0.931509,-1.07906,2.20576,-0.944389,-1.09552,2.19045,-0.925109,-1.11061,2.19045,-0.912514,-1.09393,2.20576
0.146059,1.21984,-2.25788,-18.408,838962417,-0.828737,-0.992236,2.01894,-0.840239,-1.00747,2.00495,-0.822367,-1.02048,2.00495,-0.811133,-1.00506,2.01894,-0.909611,-1.09931,2.20576,-0.922205,-1.11599,2.19045,-0.902413,-1.1304,2.19045,-0.890111,-1.11351,2.20576
0.128633,1.22055,-2.24069,-15.593,838962418,-0.810776,-1.00532,2.01894,-0.82201,-1.02074,2.00495,-0.804138,-1.03376,2.00495,-0.793171,-1.01814,2.01894,-0.889755,-1.11377,2.20576,-0.902056,-1.13066,2.19045,-0.882264,-1.14508,2.19045,-0.870255,-1.12797,2.20576
-0.460163,1.21979,-2.22336,-3.66643,838962419,-0.794053,-1.02031,2.01894,-0.805016,-1.03594,2.00495,-0.7867,-1.04832,2.00495,-0.776012,-1.03251,2.01894,-0.871138,-1.13015,2.20576,-0.883142,-1.14726,2.19045,-0.862858,-1.16097,2.19045,-0.851154,-1.14366,2.20576
0.151068,1.21975,-2.18884,-39.2472,838962421,-0.75841,-1.04716,2.01894,-0.76882,-1.06316,2.00495,-0.750083,-1.07489,2.00495,-0.739953,-1.05872,2.01894,-0.831611,-1.15962,2.20576,-0.84301,-1.17714,2.19045,-0.82226,-1.19013,2.19045,-0.811168,-1.17242,2.20576
0.236696,1.2197,-2.0853,-10.7917,838962427,-0.646163,-1.12001,2.01894,-0.654843,-1.13701,2.00495,-0.634981,-1.14672,2.00495,-0.626599,-1.12957,2.01894,-0.707199,-1.23951,2.20576,-0.716703,-1.25812,2.19045,-0.694707,-1.26888,2.19045,-0.685529,-1.2501,2.20576
0.125378,1.22044,-2.06812,10.1989,838962428,-0.626202,-1.12977,2.01894,-0.634585,-1.14691,2.00495,-0.614723,-1.15662,2.00495,-0.606638,-1.13933,2.01894,-0.685132,-1.2503,2.20576,-0.694311,-1.26907,2.19045,-0.672316,-1.27982,2.19045,-0.663462,-1.26089,2.20576
0.101337,1.22057,-0.533787,-3.65222,838962516,1.10601,-0.666893,2.01894,1.12286,-0.675867,2.00495,1.13325,-0.656355,2.00495,1.11625,-0.647673,2.01894,1.22442,-0.729981,2.20576,1.24286,-0.739807,2.19045,1.25438,-0.718199,2.19045,1.23576,-0.708693,2.20576
0.138862,1.23768,0.55184,5.4586,838962730,1.10572,0.667387,2.06045,1.12178,0.678193,2.04655,1.10943,0.696546,2.04655,1.09356,0.685455,2.06045,1.21562,0.741342,2.24849,1.23309,0.753095,2.23337,1.21949,0.773294,2.23337,1.20224,0.76123,2.24849
-0.0278974,1.23694,-2.64536,-1.16523,838962907,-1.14231,-0.605536,2.06045,-1.15892,-0.615487,2.04655,-1.14721,-0.634257,2.04655,-1.13079,-0.624015,2.06045,-1.25587,-0.673776,2.24849,-1.27393,-0.684599,2.23337,-1.26105,-0.705257,2.23337,-1.24319,-0.694116,2.24849
0.0340193,1.23771,-2.62817,-2.51351,838962908,-1.13055,-0.624391,2.06045,-1.14698,-0.634633,2.04655,-1.13527,-0.653404,2.04655,-1.11903,-0.642869,2.06045,-1.24295,-0.694492,2.24849,-1.26082,-0.705633,2.23337,-1.24793,-0.72629,2.23337,-1.23027,-0.714832,2.24849
0.135823,1.23697,-2.60694,28.0359,838962909,-1.11812,-0.648951,2.06045,-1.13437,-0.659472,2.04655,-1.12202,-0.677825,2.04655,-1.10597,-0.667019,2.06045,-1.22925,-0.721086,2.24849,-1.24693,-0.732529,2.23337,-1.23333,-0.752728,2.23337,-1.21587,-0.740974,2.24849
0.179234,1.23768,-2.58975,7.87948,838962910,-1.10572,-0.667387,2.06045,-1.12178,-0.678193,2.04655,-1.10943,-0.696546,2.04655,-1.09356,-0.685455,2.06045,-1.21562,-0.741342,2.24849,-1.23309,-0.753095,2.23337,-1.21949,-0.773294,2.23337,-1.20224,-0.76123,2.24849
0.103495,1.23692,-2.57242,-30.5668,838962911,-1.09513,-0.687196,2.06045,-1.11101,-0.698277,2.04655,-1.09802,-0.716188,2.04655,-1.08235,-0.704828,2.06045,-1.20367,-0.763168,2.24849,-1.22094,-0.775221,2.23337,-1.20665,-0.794933,2.23337,-1.1896,-0.782577,2.24849
0.230068,1.23764,-2.55523,2.88601,838962912,-1.08209,-0.705187,2.06045,-1.09776,-0.716547,2.04655,-1.08478,-0.734458,2.04655,-1.06931,-0.722819,2.06045,-1.18934,-0.782935,2.24849,-1.20639,-0.795291,2.23337,-1.1921,-0.815003,2.23337,-1.17527,-0.802344,2.24849
0.121016,1.23688,-2.5379,9.89831,838962913,-1.07082,-0.724614,2.06045,-1.0863,-0.736243,2.04655,-1.0727,-0.753689,2.04655,-1.05743,-0.741789,2.06045,-1.17664,-0.804331,2.24849,-1.19347,-0.816979,2.23337,-1.17851,-0.83618,2.23337,-1.1619,-0.823236,2.24849
0.0310845,1.2376,-2.52072,22.1443,838962914,-1.05716,-0.742139,2.06045,-1.07242,-0.754039,2.04655,-1.05882,-0.771485,2.04655,-1.04377,-0.759314,2.06045,-1.16163,-0.823586,2.24849,-1.17823,-0.836529,2.23337,-1.16326,-0.85573,2.23337,-1.14689,-0.842491,2.24849
0.0630512,1.23685,-2.50339,72.0263,838962915,-1.04522,-0.76116,2.06045,-1.06028,-0.773323,2.04655,-1.04608,-0.790284,2.04655,-1.03124,-0.777857,2.06045,-1.14819,-0.844524,2.24849,-1.16457,-0.857753,2.23337,-1.14894,-0.876419,2.23337,-1.1328,-0.862903,2.24849
0.0540632,1.23758,-2.4862,-3.06691,838962916,-1.03095,-0.778197,2.06045,-1.04579,-0.790623,2.04655,-1.03159,-0.807584,2.04655,-1.01697,-0.794894,2.06045,-1.13251,-0.863243,2.24849,-1.14866,-0.876759,2.23337,-1.13302,-0.895425,2.23337,-1.11712,-0.881622,2.24849
-0.0813022,1.23683,-2.46887,-2.1124,838962917,-1.01835,-0.79679,2.06045,-1.03298,-0.809471,2.04655,-1.01819,-0.825926,2.04655,-1.0038,-0.812989,2.06045,-1.11835,-0.883699,2.24849,-1.13426,-0.897492,2.23337,-1.11799,-0.915601,2.23337,-1.10233,-0.90153,2.24849
0.0540181,1.23757,-2.45169,-2.10991,838962918,-1.0035,-0.813318,2.06045,-1.0179,-0.826255,2.04655,-1.00311,-0.84271,2.04655,-0.988944,-0.829517,2.06045,-1.10203,-0.901859,2.24849,-1.11769,-0.915931,2.23337,-1.10142,-0.934039,2.23337,-1.08601,-0.91969,2.24849
0.316366,1.23694,-2.29629,2.18098,838962927,-0.866317,-0.959712,2.06045,-0.878517,-0.974742,2.04655,-0.861096,-0.988376,2.04655,-0.849167,-0.973134,2.06045,-0.949689,-1.06268,2.24849,-0.962959,-1.07902,2.23337,-0.943787,-1.09403,2.23337,-0.930812,-1.07745,2.24849
0.0409257,1.2541,-2.64536,-3.48877,838963419,-1.14231,-0.605536,2.10248,-1.15902,-0.615553,2.08876,-1.14732,-0.634323,2.08876,-1.13079,-0.624015,2.10248,-1.25442,-0.672872,2.29171,-1.2726,-0.683767,2.27678,-1.25972,-0.704425,2.27678,-1.24174,-0.693212,2.29171
0.0192855,1.25487,-2.62817,-2.28342,838963420,-1.13055,-0.624391,2.10248,-1.14708,-0.6347,2.08876,-1.13538,-0.65347,2.08876,-1.11903,-0.642869,2.10248,-1.2415,-0.693588,2.29171,-1.25948,-0.704801,2.27678,-1.2466,-0.725459,2.27678,-1.22882,-0.713928,2.29171
0.172793,1.25412,-2.60694,5.8409,838963421,-1.11812,-0.648951,2.10248,-1.13448,-0.659541,2.08876,-1.12213,-0.677895,2.08876,-1.10597,-0.667019,2.10248,-1.22783,-0.720133,2.29171,-1.24562,-0.731652,2.27678,-1.23203,-0.751851,2.27678,-1.21445,-0.740021,2.29171
0.849086,1.25484,-2.58975,2.33561,838963422,-1.10572,-0.667387,2.10248,-1.12188,-0.678263,2.08876,-1.10953,-0.696616,2.08876,-1.09356,-0.685455,2.10248,-1.2142,-0.740389,2.29171,-1.23178,-0.752218,2.27678,-1.21819,-0.772417,2.27678,-1.20082,-0.760277,2.29171
2.78205,1.25407,-2.57242,-0.0186167,838963423,-1.09513,-0.687196,2.10248,-1.11111,-0.698351,2.08876,-1.09812,-0.716261,2.08876,-1.08235,-0.704828,2.10248,-1.20229,-0.762166,2.29171,-1.21967,-0.774299,2.27678,-1.20538,-0.794011,2.27678,-1.18822,-0.781575,2.29171
0.223549,1.2548,-2.55523,13.2512,838963424,-1.08209,-0.705187,2.10248,-1.09786,-0.71662,2.08876,-1.08488,-0.734531,2.08876,-1.06931,-0.722819,2.10248,-1.18796,-0.781933,2.29171,-1.20512,-0.794369,2.27678,-1.19083,-0.814081,2.27678,-1.17389,-0.801342,2.29171
0.222054,1.25403,-2.5379,-9.93943,838963425,-1.07082,-0.724614,2.10248,-1.0864,-0.73632,2.08876,-1.07279,-0.753766,2.08876,-1.05743,-0.741789,2.10248,-1.1753,-0.803281,2.29171,-1.19224,-0.816013,2.27678,-1.17727,-0.835214,2.27678,-1.16056,-0.822186,2.29171
0.214107,1.25476,-2.52072,14.0065,838963426,-1.05716,-0.742139,2.10248,-1.07252,-0.754116,2.08876,-1.05892,-0.771562,2.08876,-1.04377,-0.759314,2.10248,-1.16028,-0.822536,2.29171,-1.17699,-0.835563,2.27678,-1.16203,-0.854764,2.27678,-1.14554,-0.841441,2.29171
0.197681,1.25401,-2.50339,2.73249,838963427,-1.04522,-0.76116,2.10248,-1.06037,-0.773403,2.08876,-1.04617,-0.790364,2.08876,-1.03124,-0.777857,2.10248,-1.14688,-0.843428,2.29171,-1.16337,-0.856745,2.27678,-1.14773,-0.87541,2.27678,-1.13149,-0.861807,2.29171
0.0637336,1.25474,-2.4862,-3.13376,838963428,-1.03095,-0.778197,2.10248,-1.04589,-0.790704,2.08876,-1.03168,-0.807664,2.08876,-1.01697,-0.794894,2.10248,-1.13121,-0.862147,2.29171,-1.14745,-0.87575,2.27678,-1.13182,-0.894416,2.27678,-1.11582,-0.880526,2.29171
-0.0489258,1.25399,-2.46887,-3.23332,838963429,-1.01835,-0.79679,2.10248,-1.03307,-0.809555,2.08876,-1.01829,-0.826009,2.08876,-1.0038,-0.812989,2.10248,-1.11708,-0.882558,2.29171,-1.13309,-0.896442,2.27678,-1.11682,-0.914551,2.27678,-1.10106,-0.900389,2.29171
-0.0342616,1.25473,-2.45169,-3.73237,838963430,-1.0035,-0.813318,2.10248,-1.01799,-0.826339,2.08876,-1.0032,-0.842793,2.08876,-0.988944,-0.829517,2.10248,-1.10076,-0.900718,2.29171,-1.11652,-0.914881,2.27678,-1.10025,-0.932989,2.27678,-1.08474,-0.918549,2.29171
0.148903,1.25474,-2.41717,12.4257,838963432,-0.97484,-0.847459,2.10248,-0.988866,-0.860978,2.08876,-0.973514,-0.876906,2.08876,-0.959727,-0.863139,2.10248,-1.06899,-0.938203,2.29171,-1.08424,-0.952907,2.27678,-1.06735,-0.970436,2.27678,-1.05235,-0.955463,2.29171
0.136538,1.25405,-2.33081,3.91657,838963437,-0.898964,-0.929292,2.10248,-0.911762,-0.943983,2.08876,-0.894829,-0.958217,2.08876,-0.882294,-0.943306,2.10248,-0.984783,-1.02797,2.29171,-0.998704,-1.04395,2.27678,-0.980068,-1.05962,2.27678,-0.966434,-1.0434,2.29171
0.186937,1.27187,1.00446,-18.2617,838963780,0.702618,1.08387,2.14506,0.712438,1.10084,2.13152,0.693291,1.11192,2.13152,0.683769,1.09478,2.14506,0.767253,1.19556,2.33546,0.777933,1.21402,2.32073,0.756861,1.22621,2.32073,0.746505,1.20757,2.33546
0.0909703,1.27123,-2.64535,-2.26122,838963931,-1.14231,-0.605536,2.14506,-1.15913,-0.615618,2.13152,-1.14742,-0.634389,2.13152,-1.13079,-0.624015,2.14506,-1.25297,-0.671963,2.33546,-1.27126,-0.68293,2.32073,-1.25837,-0.703587,2.32073,-1.24028,-0.692303,2.33546
0.109547,1.272,-2.62817,21.3886,838963932,-1.13055,-0.624391,2.14506,-1.14719,-0.634765,2.13152,-1.13548,-0.653535,2.13152,-1.11903,-0.642869,2.14506,-1.24005,-0.692679,2.33546,-1.25814,-0.703963,2.32073,-1.24525,-0.724621,2.32073,-1.22736,-0.713019,2.33546
0.0582161,1.27125,-2.60694,-3.11741,838963933,-1.11812,-0.648951,2.14506,-1.13458,-0.65961,2.13152,-1.12223,-0.677964,2.13152,-1.10597,-0.667019,2.14506,-1.22641,-0.719174,2.33546,-1.24431,-0.730768,2.32073,-1.23072,-0.750966,2.32073,-1.21303,-0.739062,2.33546
0.446593,1.27197,-2.58975,6.38488,838963934,-1.10572,-0.667387,2.14506,-1.12198,-0.678331,2.13152,-1.10963,-0.696685,2.13152,-1.09356,-0.685455,2.14506,-1.21278,-0.73943,2.33546,-1.23047,-0.751334,2.32073,-1.21688,-0.771533,2.32073,-1.1994,-0.759318,2.33546
0.178076,1.2712,-2.57242,12.7116,838963935,-1.09513,-0.687196,2.14506,-1.11121,-0.698423,2.13152,-1.09822,-0.716334,2.13152,-1.08235,-0.704828,2.14506,-1.2009,-0.761158,2.33546,-1.21838,-0.77337,2.32073,-1.20409,-0.793081,2.32073,-1.18683,-0.780566,2.33546
0.0359537,1.27193,-2.55523,-2.82901,838963936,-1.08209,-0.705187,2.14506,-1.09796,-0.716693,2.13152,-1.08498,-0.734603,2.13152,-1.06931,-0.722819,2.14506,-1.18657,-0.780925,2.33546,-1.20383,-0.79344,2.32073,-1.18954,-0.813152,2.32073,-1.1725,-0.800334,2.33546
0.028034,1.27116,-2.5379,-2.75497,838963937,-1.07082,-0.724614,2.14506,-1.08649,-0.736396,2.13152,-1.07289,-0.753842,2.13152,-1.05743,-0.741789,2.14506,-1.17394,-0.802225,2.33546,-1.19099,-0.81504,2.32073,-1.17602,-0.83424,2.32073,-1.1592,-0.82113,2.33546
-0.0329763,1.27189,-2.52071,-3.24508,838963938,-1.05716,-0.742139,2.14506,-1.07262,-0.754192,2.13152,-1.05902,-0.771638,2.13152,-1.04377,-0.759314,2.14506,-1.15893,-0.82148,2.33546,-1.17575,-0.83459,2.32073,-1.16078,-0.85379,2.32073,-1.14419,-0.840385,2.33546
0.070806,1.27113,-2.50338,-3.93934,838963939,-1.04522,-0.76116,2.14506,-1.06047,-0.773482,2.13152,-1.04627,-0.790443,2.13152,-1.03124,-0.777857,2.14506,-1.14556,-0.842325,2.33546,-1.16215,-0.855728,2.32073,-1.14652,-0.874394,2.32073,-1.13017,-0.860704,2.33546
0.047559,1.27187,-2.4862,-4.01967,838963940,-1.03095,-0.778197,2.14506,-1.04598,-0.790783,2.13152,-1.03178,-0.807744,2.13152,-1.01697,-0.794894,2.14506,-1.12989,-0.861044,2.33546,-1.14624,-0.874734,2.32073,-1.13061,-0.8934,2.32073,-1.1145,-0.879423,2.33546
0.203136,1.27188,-2.38266,-2.38879,838963946,-0.945004,-0.880578,2.14506,-0.958635,-0.894667,2.13152,-0.942736,-0.910049,2.13152,-0.929352,-0.895721,2.14506,-1.03473,-0.97332,2.33546,-1.04956,-0.988645,2.32073,-1.03206,-1.00557,2.32073,-1.0175,-0.989989,2.33546
0.504088,1.27191,-2.34814,1.54249,838963948,-0.91403,-0.912635,2.14506,-0.92716,-0.927192,2.13152,-0.910734,-0.942009,2.13152,-0.897859,-0.927222,2.14506,-1.00046,-1.00845,2.33546,-1.01475,-1.02429,2.32073,-0.996668,-1.04059,2.32073,-0.982663,-1.02451,2.33546
0.237052,1.27123,-2.29629,-9.06246,838963951,-0.866317,-0.959712,2.14506,-0.87867,-0.974937,2.13152,-0.861249,-0.988572,2.13152,-0.849167,-0.973134,2.14506,-0.947578,-1.05998,2.33546,-0.961015,-1.07654,2.32073,-0.941843,-1.09154,2.32073,-0.928701,-1.07475,2.33546
0.158556,1.289,-2.86978,14.3266,838964430,-1.24723,-0.335812,2.18821,-1.266,-0.341889,2.17484,-1.25918,-0.362935,2.17484,-1.24052,-0.356531,2.18821,-1.36836,-0.375029,2.37977,-1.38877,-0.381638,2.36523,-1.38127,-0.4048,2.36523,-1.36097,-0.397835,2.37977
-0.0245661,1.28902,-2.6972,100.741,838964440,-1.17105,-0.54498,2.18821,-1.18847,-0.554225,2.17484,-1.1781,-0.573767,2.17484,-1.16084,-0.564218,2.18821,-1.28351,-0.604649,2.37977,-1.30247,-0.614704,2.36523,-1.29106,-0.636211,2.36523,-1.27228,-0.625825,2.37977
0.0736817,1.28833,-2.64535,4.16552,838964443,-1.14231,-0.605536,2.18821,-1.15923,-0.615683,2.17484,-1.14752,-0.634453,2.17484,-1.13079,-0.624015,2.18821,-1.2515,-0.671049,2.37977,-1.2699,-0.682085,2.36523,-1.25702,-0.702743,2.36523,-1.23881,-0.691389,2.37977
0.0616448,1.28911,-2.62817,-2.91717,838964444,-1.13055,-0.624391,2.18821,-1.14729,-0.634829,2.17484,-1.13558,-0.6536,2.17484,-1.11903,-0.642869,2.18821,-1.23858,-0.691765,2.37977,-1.25678,-0.703119,2.36523,-1.2439,-0.723776,2.36523,-1.22589,-0.712105,2.37977
0.0595736,1.28836,-2.60693,-2.35734,838964445,-1.11812,-0.648951,2.18821,-1.13468,-0.659678,2.17484,-1.12233,-0.678032,2.17484,-1.10597,-0.667019,2.18821,-1.22497,-0.718209,2.37977,-1.24298,-0.729877,2.36523,-1.22939,-0.750076,2.36523,-1.21159,-0.738097,2.37977
-0.0437234,1.28908,-2.58975,-2.69811,838964446,-1.10572,-0.667387,2.18821,-1.12208,-0.678399,2.17484,-1.10973,-0.696753,2.17484,-1.09356,-0.685455,2.18821,-1.21134,-0.738465,2.37977,-1.22914,-0.750443,2.36523,-1.21555,-0.770642,2.36523,-1.19796,-0.758353,2.37977
-0.0220292,1.2883,-2.57241,-3.30674,838964447,-1.09513,-0.687196,2.18821,-1.11131,-0.698495,2.17484,-1.09832,-0.716405,2.17484,-1.08235,-0.704828,2.18821,-1.1995,-0.760143,2.37977,-1.21709,-0.772433,2.36523,-1.2028,-0.792144,2.36523,-1.18543,-0.779552,2.37977
-0.0721601,1.28904,-2.55523,-3.45359,838964448,-1.08209,-0.705187,2.18821,-1.09806,-0.716764,2.17484,-1.08508,-0.734675,2.17484,-1.06931,-0.722819,2.18821,-1.18517,-0.779911,2.37977,-1.20254,-0.792503,2.36523,-1.18825,-0.812215,2.36523,-1.1711,-0.799319,2.37977
0.214951,1.28826,-2.5379,7.41776,838964449,-1.07082,-0.724614,2.18821,-1.08659,-0.736471,2.17484,-1.07299,-0.753917,2.17484,-1.05743,-0.741789,2.18821,-1.17258,-0.801162,2.37977,-1.18973,-0.814059,2.36523,-1.17476,-0.833259,2.36523,-1.15784,-0.820068,2.37977
0.171809,1.289,-2.52071,4.18056,838964450,-1.05716,-0.742139,2.18821,-1.07272,-0.754267,2.17484,-1.05911,-0.771713,2.17484,-1.04377,-0.759314,2.18821,-1.15757,-0.820417,2.37977,-1.17449,-0.833609,2.36523,-1.15952,-0.852809,2.36523,-1.14283,-0.839322,2.37977
0.0564087,1.28824,-2.50338,53.329,838964451,-1.04522,-0.76116,2.18821,-1.06056,-0.773561,2.17484,-1.04636,-0.790521,2.17484,-1.03124,-0.777857,2.18821,-1.14424,-0.841216,2.37977,-1.16093,-0.854703,2.36523,-1.1453,-0.873369,2.36523,-1.12885,-0.859595,2.37977
0.113587,1.28898,-2.4862,-9.26273,838964452,-1.03095,-0.778197,2.18821,-1.04607,-0.790861,2.17484,-1.03187,-0.807822,2.17484,-1.01697,-0.794894,2.18821,-1.12856,-0.859935,2.37977,-1.14501,-0.873709,2.36523,-1.12938,-0.892375,2.36523,-1.11317,-0.878314,2.37977
0.0631256,1.28822,-2.46886,-4.18822,838964453,-1.01835,-0.79679,2.18821,-1.03325,-0.809719,2.17484,-1.01847,-0.826173,2.17484,-1.0038,-0.812989,2.18821,-1.11452,-0.880255,2.37977,-1.13073,-0.894317,2.36523,-1.11445,-0.912426,2.36523,-1.09849,-0.898085,2.37977
-0.0332256,1.28897,-2.45168,-4.01993,838964454,-1.0035,-0.813318,2.18821,-1.01817,-0.826503,2.17484,-1.00339,-0.842957,2.17484,-0.988944,-0.829517,2.18821,-1.0982,-0.898415,2.37977,-1.11416,-0.912756,2.36523,-1.09788,-0.930864,2.36523,-1.08218,-0.916245,2.37977
0.266668,1.28833,-2.29628,1.07582,838964463,-0.866317,-0.959712,2.18821,-0.878745,-0.975033,2.17484,-0.861324,-0.988667,2.17484,-0.849167,-0.973134,2.18821,-0.946513,-1.05862,2.37977,-0.960031,-1.07528,2.36523,-0.940859,-1.09029,2.36523,-0.927636,-1.07339,2.37977
0.459411,1.28908,-2.24068,-12.4976,838964466,-0.810775,-1.00532,2.18821,-0.822387,-1.02126,2.17484,-0.804504,-1.03428,2.17484,-0.793171,-1.01814,2.18821,-0.885722,-1.10823,2.37977,-0.898351,-1.12558,2.36523,-0.878671,-1.13991,2.36523,-0.866343,-1.12235,2.37977
0.146975,1.30606,0.340846,7.96068,838964766,1.22115,0.421052,2.23194,1.23956,0.428468,2.21875,1.23129,0.448987,2.21875,1.21302,0.441252,2.23194,1.33763,0.467978,2.42464,1.35765,0.476045,2.4103,1.34856,0.498627,2.4103,1.32867,0.490213,2.42464
0.0675986,1.3053,-2.46886,-4.49411,838964965,-1.01835,-0.79679,2.23194,-1.03334,-0.809799,2.21875,-1.01856,-0.826253,2.21875,-1.0038,-0.812989,2.23194,-1.11322,-0.879093,2.42464,-1.12953,-0.893243,2.4103,-1.11326,-0.911351,2.4103,-1.0972,-0.896923,2.42464
0.100952,1.30606,-2.45168,-22.139,838964966,-1.0035,-0.813318,2.23194,-1.01826,-0.826583,2.21875,-1.00348,-0.843037,2.21875,-0.988944,-0.829517,2.23194,-1.0969,-0.897253,2.42464,-1.11296,-0.911681,2.4103,-1.09669,-0.929789,2.4103,-1.08088,-0.915083,2.42464
0.287552,1.30531,-2.39983,-14.495,838964969,-0.960974,-0.865127,2.23194,-0.97502,-0.879151,2.21875,-0.959122,-0.894533,2.21875,-0.945322,-0.88027,2.23194,-1.04987,-0.953852,2.42464,-1.06515,-0.969105,2.4103,-1.04765,-0.986034,2.4103,-1.03264,-0.97052,2.42464
0.106972,1.30539,-2.22335,-13.9076,838964979,-0.794054,-1.02031,2.23194,-0.805454,-1.03656,2.21875,-0.787128,-1.04895,2.21875,-0.776012,-1.03251,2.23194,-0.866204,-1.12311,2.42464,-0.878604,-1.14079,2.4103,-0.858434,-1.15442,2.4103,-0.846345,-1.13654,2.42464
0.183787,1.32325,2.78431,42.1942,838965418,-1.2061,0.462397,2.27679,-1.22524,0.468634,2.26367,-1.2321,0.44759,2.26367,-1.21285,0.441692,2.27679,-1.32395,0.500817,2.47054,-1.34463,0.507557,2.45637,-1.35213,0.484536,2.45637,-1.33134,0.478162,2.47054
0.159595,1.32336,2.99532,48.0913,838965430,-1.27602,0.199493,2.27679,-1.29603,0.201618,2.26367,-1.29836,0.179608,2.26367,-1.27832,0.177837,2.27679,-1.39928,0.212584,2.47054,-1.4209,0.214881,2.45637,-1.42346,0.190802,2.45637,-1.4018,0.188889,2.47054
0.182474,1.32326,-2.83525,14.4503,838965456,-1.23494,-0.378661,2.27679,-1.25385,-0.385524,2.26367,-1.2463,-0.406331,2.26367,-1.22751,-0.399133,2.27679,-1.35146,-0.420938,2.47054,-1.3719,-0.428354,2.45637,-1.36364,-0.451116,2.45637,-1.34333,-0.443338,2.47054
0.0970805,1.32336,-2.58974,24.06,838965470,-1.10572,-0.667388,2.27679,-1.12241,-0.678622,2.26367,-1.11005,-0.696985,2.26367,-1.09356,-0.685456,2.27679,-1.20856,-0.73659,2.47054,-1.2266,-0.74873,2.45637,-1.21308,-0.768819,2.45637,-1.19525,-0.756359,2.47054
0.107183,1.32257,-2.57241,-7.42461,838965471,-1.09513,-0.687195,2.27679,-1.11163,-0.698717,2.26367,-1.09864,-0.716637,2.26367,-1.08235,-0.704827,2.27679,-1.1967,-0.758286,2.47054,-1.21453,-0.770737,2.45637,-1.20032,-0.790342,2.45637,-1.18271,-0.777579,2.47054
0.0279397,1.32326,-2.48619,-4.79469,838965476,-1.03095,-0.778198,2.27679,-1.04638,-0.791116,2.26367,-1.03217,-0.808087,2.26367,-1.01697,-0.794895,2.27679,-1.12599,-0.857778,2.47054,-1.14266,-0.871739,2.45637,-1.12711,-0.890303,2.45637,-1.11069,-0.876047,2.47054
0.0996531,1.32249,-2.46886,4.07919,838965477,-1.01835,-0.796789,2.27679,-1.03356,-0.809974,2.26367,-1.01876,-0.826437,2.26367,-1.0038,-0.812988,2.27679,-1.11192,-0.878115,2.47054,-1.12835,-0.892363,2.45637,-1.11217,-0.910373,2.45637,-1.096,-0.895839,2.47054
0.0388497,1.32325,-2.45167,59.5085,838965478,-1.0035,-0.813319,2.27679,-1.01847,-0.826769,2.26367,-1.00367,-0.843232,2.26367,-0.988944,-0.829517,2.27679,-1.0957,-0.89617,2.47054,-1.11187,-0.910704,2.45637,-1.09569,-0.928714,2.45637,-1.07977,-0.913894,2.47054
0.124066,1.32325,-2.41716,-3.65184,838965480,-0.974839,-0.84746,2.27679,-0.989327,-0.861424,2.26367,-0.973967,-0.877361,2.26367,-0.959726,-0.86314,2.27679,-1.06409,-0.93348,2.47054,-1.07974,-0.948571,2.45637,-1.06294,-0.966005,2.45637,-1.04755,-0.950637,2.47054
0.0327147,1.32329,-2.34813,-4.31605,838965484,-0.914029,-0.912636,2.27679,-0.927507,-0.927577,2.26367,-0.911071,-0.942403,2.26367,-0.897858,-0.927223,2.27679,-0.997054,-1.00468,2.47054,-1.01162,-1.02082,2.45637,-0.99364,-1.03704,2.45637,-0.97936,-1.02064,2.47054
-0.0600324,1.32255,-2.3308,-4.50587,838965485,-0.898965,-0.929292,2.27679,-0.912185,-0.944465,2.26367,-0.895242,-0.958708,2.26367,-0.882294,-0.943305,2.27679,-0.980295,-1.02286,2.47054,-0.994582,-1.03925,2.45637,-0.976047,-1.05483,2.45637,-0.962055,-1.03819,2.47054
-0.0552995,1.32333,-2.31361,-3.09034,838965486,-0.881954,-0.943591,2.27679,-0.894902,-0.958994,2.26367,-0.877958,-0.973237,2.26367,-0.865283,-0.957605,2.27679,-0.961714,-1.03848,2.47054,-0.975706,-1.05512,2.45637,-0.957171,-1.0707,2.45637,-0.943474,-1.05381,2.47054
0.065323,1.3226,-2.29628,-22.3289,838965487,-0.866317,-0.959711,2.27679,-0.879,-0.975337,2.26367,-0.86157,-0.988979,2.26367,-0.849168,-0.973133,2.27679,-0.94433,-1.05606,2.47054,-0.958036,-1.07295,2.45637,-0.938968,-1.08787,2.45637,-0.925565,-1.07075,2.47054
2.18062,1.32339,-2.27909,-0.193866,838965488,-0.848817,-0.973408,2.27679,-0.861219,-0.989254,2.26367,-0.843789,-1.0029,2.26367,-0.831667,-0.98683,2.27679,-0.925215,-1.07102,2.47054,-0.938617,-1.08814,2.45637,-0.919549,-1.10307,2.45637,-0.90645,-1.08571,2.47054
0.0972867,1.34046,0.444401,26.0092,838965796,1.17105,0.544981,2.32205,1.18892,0.554463,2.30911,1.17854,0.574015,2.30911,1.16084,0.564219,2.32205,1.2791,0.602311,2.51684,1.29842,0.612557,2.50285,1.28707,0.633947,2.50285,1.26794,0.62336,2.51684
0.241164,1.34041,2.78432,42.6529,838965930,-1.2061,0.462397,2.32205,-1.22534,0.468668,2.30911,-1.2322,0.447624,2.30911,-1.21285,0.441692,2.32205,-1.32241,0.500312,2.51684,-1.34319,0.507089,2.50285,-1.3507,0.484067,2.50285,-1.32979,0.477657,2.51684
0.142079,1.33965,-2.81792,-13.7366,838965969,-1.22946,-0.40044,2.32205,-1.24836,-0.407669,2.30911,-1.24008,-0.4282,2.30911,-1.22132,-0.42064,2.32205,-1.34369,-0.444249,2.51684,-1.36411,-0.452062,2.50285,-1.35506,-0.474522,2.50285,-1.33478,-0.466351,2.51684
0.0495294,1.34042,-2.48619,-27.6982,838965988,-1.03095,-0.778198,2.32205,-1.04646,-0.791187,2.30911,-1.03225,-0.808157,2.30911,-1.01697,-0.794895,2.32205,-1.12474,-0.856732,2.51684,-1.1415,-0.870768,2.50285,-1.12595,-0.889333,2.50285,-1.10944,-0.875001,2.51684
0.0262014,1.33965,-2.46886,-2.66101,838965989,-1.01835,-0.796789,2.32205,-1.03364,-0.810047,2.30911,-1.01885,-0.82651,2.30911,-1.0038,-0.812988,2.32205,-1.11071,-0.877025,2.51684,-1.12723,-0.891352,2.50285,-1.11105,-0.909363,2.50285,-1.09478,-0.894749,2.51684
0.00768687,1.34041,-2.45167,-2.58105,838965990,-1.0035,-0.813319,2.32205,-1.01855,-0.826842,2.30911,-1.00375,-0.843305,2.30911,-0.988944,-0.829517,2.32205,-1.09449,-0.89508,2.51684,-1.11075,-0.909694,2.50285,-1.09456,-0.927704,2.50285,-1.07856,-0.912804,2.51684
-0.0282636,1.34046,-2.34813,-4.36439,838965996,-0.914029,-0.912636,2.32205,-0.92758,-0.927658,2.30911,-0.911144,-0.942484,2.30911,-0.897858,-0.927223,2.32205,-0.995963,-1.00347,2.51684,-1.01061,-1.0197,2.50285,-0.992627,-1.03592,2.50285,-0.978269,-1.01943,2.51684
0.184552,1.33972,-2.33079,-2.80881,838965997,-0.898965,-0.929292,2.32205,-0.912256,-0.944549,2.30911,-0.895313,-0.958792,2.30911,-0.882294,-0.943305,2.32205,-0.979246,-1.02161,2.51684,-0.993609,-1.0381,2.50285,-0.975074,-1.05368,2.50285,-0.961006,-1.03694,2.51684
0.466532,1.3405,-2.31361,0.532629,838965998,-0.881954,-0.943591,2.32205,-0.894972,-0.959078,2.30911,-0.878029,-0.97332,2.30911,-0.865283,-0.957605,2.32205,-0.960665,-1.03723,2.51684,-0.974734,-1.05396,2.50285,-0.956198,-1.06954,2.50285,-0.942425,-1.05256,2.51684
0.182036,1.33976,-2.29628,-10.8741,838965999,-0.866317,-0.959711,2.32205,-0.879067,-0.975423,2.30911,-0.861637,-0.989065,2.30911,-0.849168,-0.973133,2.32205,-0.943326,-1.05478,2.51684,-0.957104,-1.07176,2.50285,-0.938036,-1.08668,2.50285,-0.924561,-1.06946,2.51684
0.50942,1.34055,-2.27909,0.912479,838966000,-0.848817,-0.973408,2.32205,-0.861286,-0.98934,2.30911,-0.843856,-1.00298,2.30911,-0.831668,-0.98683,2.32205,-0.92421,-1.06974,2.51684,-0.937685,-1.08695,2.50285,-0.918617,-1.10188,2.50285,-0.905446,-1.08442,2.51684
0.10153,1.33979,-2.25786,-3.4239,838966001,-0.828739,-0.992235,2.32205,-0.840937,-1.00838,2.30911,-0.823044,-1.02141,2.30911,-0.811134,-1.00505,2.32205,-0.902406,-1.08991,2.51684,-0.915587,-1.10736,2.50285,-0.896013,-1.12161,2.50285,-0.883143,-1.10394,2.51684
0.180625,1.34048,-2.20615,15.1247,838966004,-0.775644,-1.03276,2.32205,-0.786976,-1.04952,2.30911,-0.768639,-1.06191,2.30911,-0.757603,-1.04495,2.32205,-0.844156,-1.1341,2.51684,-0.856401,-1.15221,2.50285,-0.836341,-1.16577,2.50285,-0.824415,-1.14744,2.51684
0.164219,1.33965,-2.08528,-35.7867,838966011,-0.646165,-1.12001,2.32205,-0.655372,-1.13802,2.30911,-0.635487,-1.14775,2.30911,-0.6266,-1.12957,2.32205,-0.701737,-1.229,2.51684,-0.711686,-1.24847,2.50285,-0.689933,-1.25911,2.50285,-0.68033,-1.23946,2.51684
0.125574,1.3568,0.289158,-9.24722,838966299,1.24252,0.35777,2.36792,1.26176,0.364372,2.35515,1.25421,0.385179,2.35515,1.23509,0.378242,2.36792,1.35667,0.397005,2.56372,1.37746,0.404139,2.54992,1.3692,0.426901,2.54992,1.34854,0.419405,2.56372
0.947647,1.35758,0.969959,-0.453173,838966338,0.739577,1.05895,2.36792,0.750374,1.07619,2.35515,0.731615,1.08794,2.35515,0.721121,1.07051,2.36792,0.803638,1.16123,2.56372,0.815305,1.17986,2.54992,0.794784,1.19271,2.54992,0.783443,1.17388,2.56372
0.29081,1.35683,1.99997,-48.4784,838966397,-0.527658,1.18038,2.36792,-0.536874,1.19852,2.35515,-0.556428,1.18815,2.35515,-0.546898,1.17018,2.36792,-0.582395,1.28796,2.56372,-0.592353,1.30756,2.54992,-0.613745,1.29621,2.54992,-0.603446,1.2768,2.56372
0.114386,1.35769,-2.62815,-3.34117,838966492,-1.13055,-0.624391,2.36792,-1.14781,-0.635155,2.35515,-1.1361,-0.653936,2.35515,-1.11903,-0.64287,2.36792,-1.23296,-0.688258,2.56372,-1.25161,-0.69989,2.54992,-1.23879,-0.720435,2.54992,-1.22035,-0.708477,2.56372
0.00869702,1.35756,-2.48618,-3.34747,838966500,-1.03095,-0.778198,2.36792,-1.04654,-0.791256,2.35515,-1.03233,-0.808226,2.35515,-1.01697,-0.794895,2.36792,-1.12348,-0.85568,2.56372,-1.14033,-0.869791,2.54992,-1.12479,-0.888356,2.54992,-1.10818,-0.873949,2.56372
0.0977585,1.35678,-2.46885,-9.27919,838966501,-1.01835,-0.796789,2.36792,-1.03372,-0.810119,2.35515,-1.01893,-0.826583,2.35515,-1.0038,-0.812988,2.36792,-1.10949,-0.87593,2.56372,-1.1261,-0.890335,2.54992,-1.10991,-0.908346,2.54992,-1.09356,-0.893654,2.56372
0.102702,1.35755,-2.45167,43.0752,838966502,-1.0035,-0.813319,2.36792,-1.01863,-0.826914,2.35515,-1.00383,-0.843377,2.35515,-0.988944,-0.829517,2.36792,-1.09327,-0.893986,2.56372,-1.10962,-0.908677,2.54992,-1.09343,-0.926687,2.54992,-1.07734,-0.91171,2.56372
0.00642614,1.35759,-2.34812,-3.21141,838966508,-0.914029,-0.912636,2.36792,-0.927652,-0.927738,2.35515,-0.911217,-0.942564,2.35515,-0.897858,-0.927223,2.36792,-0.994865,-1.00225,2.56372,-1.00959,-1.01857,2.54992,-0.991608,-1.03479,2.54992,-0.977172,-1.01821,2.56372
0.282037,1.35685,-2.33079,5.73158,838966509,-0.898965,-0.929292,2.36792,-0.912325,-0.944632,2.35515,-0.895382,-0.958874,2.35515,-0.882294,-0.943305,2.36792,-0.978192,-1.02035,2.56372,-0.99263,-1.03693,2.54992,-0.974095,-1.05251,2.54992,-0.959952,-1.03569,2.56372
0.452018,1.35764,-2.31361,3.78028,838966510,-0.881954,-0.943591,2.36792,-0.895041,-0.959161,2.35515,-0.878098,-0.973403,2.35515,-0.865283,-0.957605,2.36792,-0.959611,-1.03597,2.56372,-0.973754,-1.0528,2.54992,-0.955219,-1.06838,2.54992,-0.941371,-1.05131,2.56372
0.00748478,1.35689,-2.29627,-2.51434,838966511,-0.866317,-0.959711,2.36792,-0.879134,-0.975508,2.35515,-0.861703,-0.98915,2.35515,-0.849168,-0.973133,2.36792,-0.942316,-1.05349,2.56372,-0.956166,-1.07056,2.54992,-0.937098,-1.08548,2.54992,-0.923551,-1.06817,2.56372
-0.0340996,1.35769,-2.27909,-4.1956,838966512,-0.848817,-0.973408,2.36792,-0.861353,-0.989424,2.35515,-0.843923,-1.00307,2.35515,-0.831668,-0.98683,2.36792,-0.923201,-1.06845,2.56372,-0.936748,-1.08576,2.54992,-0.91768,-1.10068,2.54992,-0.904436,-1.08313,2.56372
0.733761,1.37466,1.07351,2.61772,838966856,0.626201,1.12977,2.41441,0.635181,1.14813,2.40181,0.615296,1.15786,2.40181,0.606636,1.13933,2.41441,0.678487,1.23671,2.61122,0.688192,1.25656,2.5976,0.666439,1.26719,2.5976,0.65708,1.24717,2.61122
0.115472,1.37395,-2.67985,5.09705,838967001,-1.16259,-0.565784,2.41441,-1.18048,-0.575683,2.40181,-1.16943,-0.594861,2.40181,-1.15171,-0.584654,2.41441,-1.26676,-0.623436,2.61122,-1.28609,-0.634133,2.5976,-1.274,-0.655114,2.5976,-1.25486,-0.644083,2.61122
-0.0433877,1.37466,-2.48618,-2.15698,838967012,-1.03095,-0.778198,2.41441,-1.04663,-0.791324,2.40181,-1.03242,-0.808294,2.40181,-1.01697,-0.794895,2.41441,-1.12222,-0.854623,2.61122,-1.13916,-0.868808,2.5976,-1.12361,-0.887373,2.5976,-1.10692,-0.872892,2.61122
0.110945,1.37389,-2.46885,32.9267,838967013,-1.01835,-0.796789,2.41441,-1.0338,-0.81019,2.40181,-1.019,-0.826654,2.40181,-1.0038,-0.812988,2.41441,-1.10827,-0.87483,2.61122,-1.12496,-0.889312,2.5976,-1.10877,-0.907322,2.5976,-1.09234,-0.892554,2.61122
0.00732287,1.37466,-2.45167,-1.9001,838967014,-1.0035,-0.813319,2.41441,-1.01871,-0.826985,2.40181,-1.00391,-0.843448,2.40181,-0.988944,-0.829517,2.41441,-1.09204,-0.892885,2.61122,-1.10848,-0.907653,2.5976,-1.09229,-0.925663,2.5976,-1.07612,-0.910609,2.61122
0.10694,1.3747,-2.34812,11.2383,838967020,-0.914029,-0.912636,2.41441,-0.927723,-0.927817,2.40181,-0.911288,-0.942643,2.40181,-0.897858,-0.927223,2.41441,-0.993762,-1.00103,2.61122,-1.00856,-1.01743,2.5976,-0.990582,-1.03365,2.5976,-0.976069,-1.01699,2.61122
0.0205361,1.37395,-2.33079,-3.35927,838967021,-0.898965,-0.929292,2.41441,-0.912394,-0.944713,2.40181,-0.895451,-0.958956,2.40181,-0.882295,-0.943305,2.41441,-0.977133,-1.01909,2.61122,-0.991645,-1.03576,2.5976,-0.97311,-1.05134,2.5976,-0.958892,-1.03443,2.61122
0.0909137,1.37474,-2.31361,-3.06196,838967022,-0.881954,-0.943591,2.41441,-0.89511,-0.959242,2.40181,-0.878167,-0.973484,2.40181,-0.865283,-0.957605,2.41441,-0.958552,-1.03471,2.61122,-0.972769,-1.05163,2.5976,-0.954234,-1.06721,2.5976,-0.940311,-1.05005,2.61122
-0.0160584,1.374,-2.29627,-2.12186,838967023,-0.866317,-0.959711,2.41441,-0.879199,-0.975592,2.40181,-0.861769,-0.989234,2.40181,-0.849168,-0.973133,2.41441,-0.941301,-1.05219,2.61122,-0.955222,-1.06935,2.5976,-0.936154,-1.08427,2.5976,-0.922536,-1.06688,2.61122
-0.0173783,1.3748,-2.27909,-3.01761,838967024,-0.848817,-0.973408,2.41441,-0.861419,-0.989508,2.40181,-0.843988,-1.00315,2.40181,-0.831668,-0.98683,2.41441,-0.922186,-1.06715,2.61122,-0.935804,-1.08455,2.5976,-0.916736,-1.09947,2.5976,-0.903421,-1.08184,2.61122
0.108686,1.37392,-2.01624,-2.24734,838967039,-0.567364,-1.16187,2.41441,-0.57537,-1.18069,2.40181,-0.554855,-1.189,2.40181,-0.547179,-1.17005,2.41441,-0.613958,-1.27143,2.61122,-0.62261,-1.29177,2.5976,-0.600168,-1.30086,2.5976,-0.591872,-1.28038,2.61122
0.198188,1.37392,-1.31811,39.9833,838967079,0.31221,-1.25474,2.41441,0.318171,-1.2743,2.40181,0.339228,-1.26748,2.40181,0.332928,-1.24803,2.41441,0.346941,-1.36862,2.61122,0.353384,-1.38976,2.5976,0.376419,-1.38229,2.5976,0.36961,-1.36127,2.61122
0.208573,1.39103,0.810806,16.7986,838967353,0.898965,0.929292,2.46154,0.912461,0.944793,2.44911,0.895518,0.959036,2.44911,0.882295,0.943305,2.46154,0.976068,1.01783,2.65934,0.990653,1.03458,2.64591,0.972118,1.05016,2.64591,0.957827,1.03316,2.65934
0.122307,1.39174,1.07351,-1.88184,838967368,0.626201,1.12977,2.46154,0.635227,1.14823,2.44911,0.615343,1.15795,2.44911,0.606636,1.13933,2.46154,0.67776,1.23522,2.65934,0.687515,1.25517,2.64591,0.665762,1.26581,2.64591,0.656353,1.24569,2.65934
0.0969077,1.39179,-2.69719,5.63899,838967512,-1.17105,-0.544981,2.46154,-1.1892,-0.554612,2.44911,-1.17883,-0.574165,2.44911,-1.16084,-0.564219,2.46154,-1.27474,-0.599996,2.65934,-1.29436,-0.610404,2.64591,-1.28301,-0.631794,2.64591,-1.26357,-0.621045,2.65934
-0.0333424,1.39188,-2.62815,-2.78749,838967516,-1.13055,-0.624391,2.46154,-1.14799,-0.635267,2.44911,-1.13628,-0.654048,2.44911,-1.11903,-0.64287,2.46154,-1.23015,-0.686511,2.65934,-1.249,-0.698263,2.64591,-1.23618,-0.718809,2.64591,-1.21754,-0.706729,2.65934
-0.0493167,1.39111,-2.60692,-1.88018,838967517,-1.11812,-0.648951,2.46154,-1.13537,-0.660128,2.44911,-1.12302,-0.678492,2.44911,-1.10597,-0.667018,2.46154,-1.21666,-0.712783,2.65934,-1.2353,-0.724863,2.64591,-1.22178,-0.744952,2.64591,-1.20335,-0.732553,2.65934
-0.0181471,1.39185,-2.58973,-2.00286,838967518,-1.10572,-0.667388,2.46154,-1.12277,-0.678861,2.44911,-1.11041,-0.697224,2.44911,-1.09356,-0.685456,2.46154,-1.20311,-0.732922,2.65934,-1.22153,-0.745321,2.64591,-1.20801,-0.76541,2.64591,-1.1898,-0.752692,2.65934
-0.146974,1.39105,-2.5724,-2.13431,838967519,-1.09513,-0.687195,2.46154,-1.11198,-0.698968,2.44911,-1.09899,-0.716889,2.44911,-1.08235,-0.704827,2.46154,-1.19138,-0.75443,2.65934,-1.20958,-0.767153,2.64591,-1.19537,-0.786758,2.64591,-1.17739,-0.773723,2.65934
-0.0165319,1.39181,-2.55521,-2.83801,838967520,-1.08209,-0.705188,2.46154,-1.09873,-0.717249,2.44911,-1.08574,-0.73517,2.44911,-1.06931,-0.72282,2.46154,-1.17713,-0.774083,2.65934,-1.19511,-0.787118,2.64591,-1.1809,-0.806723,2.64591,-1.16315,-0.793376,2.65934
0.0697098,1.39101,-2.53788,-2.43038,838967521,-1.07082,-0.724613,2.46154,-1.08725,-0.736968,2.44911,-1.07364,-0.754424,2.44911,-1.05743,-0.741788,2.46154,-1.16466,-0.795169,2.65934,-1.18241,-0.80852,2.64591,-1.16752,-0.827616,2.64591,-1.15001,-0.813961,2.65934
0.042318,1.39177,-2.5207,-1.60364,838967522,-1.05716,-0.742139,2.46155,-1.07337,-0.754775,2.44911,-1.05976,-0.772231,2.44911,-1.04377,-0.759314,2.46154,-1.14973,-0.814313,2.65934,-1.16725,-0.827967,2.64591,-1.15236,-0.847063,2.64591,-1.13508,-0.833105,2.65934
-0.0344055,1.39175,-2.48618,-3.51414,838967524,-1.03095,-0.778198,2.46154,-1.04671,-0.791392,2.44911,-1.0325,-0.808362,2.44911,-1.01697,-0.794895,2.46154,-1.12095,-0.85356,2.65934,-1.13798,-0.867818,2.64591,-1.12243,-0.886383,2.64591,-1.10565,-0.87183,2.65934
-0.0972794,1.39097,-2.46885,-2.63248,838967525,-1.01835,-0.796789,2.46154,-1.03388,-0.81026,2.44911,-1.01908,-0.826724,2.44911,-1.0038,-0.812988,2.46154,-1.10704,-0.873723,2.65934,-1.12381,-0.888281,2.64591,-1.10763,-0.906292,2.64591,-1.09111,-0.891447,2.65934
0.0469991,1.39174,-2.45167,-2.32332,838967526,-1.0035,-0.813319,2.46155,-1.01879,-0.827055,2.44911,-1.00399,-0.843518,2.44911,-0.988944,-0.829517,2.46154,-1.09081,-0.891779,2.65934,-1.10733,-0.906623,2.64591,-1.09115,-0.924633,2.64591,-1.07488,-0.909503,2.65934
0.123778,1.39174,-2.06809,24.8766,838967548,-0.626201,-1.12977,2.46154,-0.635227,-1.14823,2.44911,-0.615343,-1.15795,2.44911,-0.606636,-1.13933,2.46154,-0.67776,-1.23522,2.65934,-0.687515,-1.25517,2.64591,-0.665762,-1.26581,2.64591,-0.656353,-1.24569,2.65934
0.225277,1.4253,-2.74888,4.96365,838968533,-1.19891,-0.48428,2.55868,-1.2179,-0.493111,2.54647,-1.20821,-0.513025,2.54647,-1.18938,-0.503862,2.55868,-1.30253,-0.532567,2.75827,-1.32293,-0.542052,2.74516,-1.31239,-0.563712,2.74516,-1.29216,-0.553872,2.75827
0.171042,1.42621,-2.62814,16.3944,838968540,-1.13055,-0.624392,2.55868,-1.14832,-0.635474,2.54647,-1.1366,-0.654265,2.54647,-1.11903,-0.642871,2.55868,-1.22754,-0.684879,2.75827,-1.24662,-0.696781,2.74516,-1.23387,-0.71722,2.74516,-1.215,-0.704983,2.75827
0.243365,1.44322,0.689937,-7.4485,838968882,1.0035,0.81332,2.60821,1.01915,0.82738,2.59617,1.00434,0.843852,2.59617,0.988943,0.829518,2.60821,1.08736,0.888679,2.80869,1.10416,0.90378,2.79575,1.08806,0.921697,2.79575,1.07152,0.906302,2.80869
0.358294,1.44325,-2.86975,5.45906,838969038,-1.24723,-0.335814,2.60821,-1.26724,-0.342294,2.59617,-1.26042,-0.363363,2.59617,-1.24052,-0.356533,2.60821,-1.3545,-0.370543,2.80869,-1.37599,-0.377502,2.79575,-1.36857,-0.40042,2.79575,-1.3472,-0.393085,2.80869
0.175464,1.44246,-2.85242,13.1982,838969039,-1.24252,-0.357769,2.60821,-1.26242,-0.364598,2.59617,-1.25486,-0.385416,2.59617,-1.23509,-0.378241,2.60821,-1.34916,-0.394423,2.80869,-1.37053,-0.401757,2.79575,-1.36231,-0.424401,2.79575,-1.34107,-0.416696,2.80869
0.194859,1.44323,-2.83524,-6.18896,838969040,-1.23494,-0.378662,2.60821,-1.25471,-0.385836,2.59617,-1.24716,-0.406654,2.59617,-1.22751,-0.399134,2.60821,-1.34092,-0.417116,2.80869,-1.36216,-0.424821,2.79575,-1.35394,-0.447465,2.79575,-1.33284,-0.439389,2.80869
0.136678,1.44245,-2.74888,-11.4158,838969045,-1.19891,-0.48428,2.60821,-1.21799,-0.493153,2.59617,-1.2083,-0.513066,2.59617,-1.18938,-0.503862,2.60821,-1.30113,-0.531887,2.80869,-1.32162,-0.541417,2.79575,-1.31108,-0.563077,2.79575,-1.29077,-0.553193,2.80869
0.745047,1.44324,-2.73169,-0.524494,838969046,-1.18919,-0.504264,2.60821,-1.2081,-0.513468,2.59617,-1.19841,-0.533382,2.59617,-1.17966,-0.523847,2.60821,-1.29057,-0.553594,2.80869,-1.31089,-0.563479,2.79575,-1.30035,-0.58514,2.79575,-1.2802,-0.5749,2.80869
0.71773,1.44251,-2.33078,-0.295483,838969069,-0.898966,-0.929291,2.60821,-0.912783,-0.945157,2.59617,-0.895831,-0.959407,2.59617,-0.882295,-0.943304,2.60821,-0.97298,-1.01436,2.80869,-0.98782,-1.0314,2.79575,-0.969381,-1.0469,2.79575,-0.954844,-1.02961,2.80869
0.274415,1.46035,0.306358,43.0484,838969372,1.23494,0.378662,2.65843,1.2548,0.385868,2.64655,1.24724,0.406686,2.64655,1.22751,0.399134,2.65843,1.33946,0.416584,2.85978,1.36079,0.424323,2.84702,1.35257,0.446968,2.84702,1.33138,0.438857,2.85978
0.238457,1.45957,0.392718,-9.42023,838969377,1.19891,0.48428,2.65843,1.21807,0.493193,2.64655,1.20838,0.513107,2.64655,1.18938,0.503862,2.65843,1.29973,0.531205,2.85978,1.32031,0.540778,2.84702,1.30977,0.562439,2.84702,1.28936,0.55251,2.85978
0.14714,1.46036,0.409903,32.0071,838969378,1.18919,0.504264,2.65843,1.20819,0.513509,2.64655,1.1985,0.533422,2.64655,1.17966,0.523847,2.65843,1.28917,0.552912,2.85978,1.30957,0.562841,2.84702,1.29903,0.584501,2.84702,1.2788,0.574217,2.85978
0.291084,1.45959,0.427234,4.17713,838969379,1.18146,0.525349,2.65843,1.2003,0.534926,2.64655,1.18992,0.554489,2.64655,1.17126,0.544587,2.65843,1.28058,0.575767,2.85978,1.30081,0.586053,2.84702,1.28952,0.607332,2.84702,1.26947,0.596697,2.85978
0.161243,1.46035,1.07352,-2.97121,838969416,0.6262,1.12977,2.65843,0.63548,1.14875,2.64655,0.615585,1.15848,2.64655,0.606635,1.13933,2.65843,0.675037,1.22965,2.85978,0.685004,1.25004,2.84702,0.663364,1.26062,2.84702,0.653752,1.24006,2.85978
0.180023,1.47751,-0.111738,-25.4985,838969860,1.28222,-0.155349,2.70935,1.30338,-0.156851,2.69763,1.30495,-0.134761,2.69763,1.28376,-0.133625,2.70935,1.39156,-0.163112,2.91156,1.41429,-0.164726,2.89897,1.416,-0.140698,2.89897,1.39324,-0.139478,2.91156
0.111975,1.47668,0.427236,-11.7058,838969891,1.18146,0.525349,2.70935,1.20038,0.534969,2.69763,1.19,0.554532,2.69763,1.17126,0.544587,2.70935,1.2792,0.575033,2.91156,1.29951,0.585365,2.89897,1.28822,0.606644,2.89897,1.26809,0.595963,2.91156
0.103981,1.47753,0.478937,33.4063,838969894,1.15149,0.585041,2.70935,1.16988,0.595635,2.69763,1.15882,0.614823,2.69763,1.14062,0.60391,2.70935,1.24648,0.639767,2.91156,1.26622,0.651145,2.89897,1.2542,0.672017,2.89897,1.23465,0.660297,2.91156
0.145981,1.47674,0.569206,16.4755,838969899,1.09513,0.687194,2.70935,1.11253,0.699351,2.69763,1.09953,0.717281,2.69763,1.08235,0.704827,2.70935,1.18501,0.749983,2.91156,1.2037,0.763039,2.89897,1.18956,0.782542,2.89897,1.17111,0.769166,2.91156
0.140187,1.47745,-2.1371,1.08443,838970104,-0.702617,-1.08387,2.70935,-0.713246,-1.10224,2.69763,-0.694078,-1.11333,2.69763,-0.683768,-1.09478,2.70935,-0.757524,-1.17875,2.91156,-0.768939,-1.19848,2.89897,-0.74809,-1.21054,2.89897,-0.737017,-1.19062,2.91156
0.212379,1.47668,-2.01622,46.0978,838970111,-0.567364,-1.16187,2.70935,-0.575673,-1.1814,2.69763,-0.555147,-1.18971,2.69763,-0.54718,-1.17005,2.70935,-0.610297,-1.26275,2.91156,-0.61922,-1.28373,2.89897,-0.596893,-1.29277,2.89897,-0.588337,-1.27165,2.91156
0.157834,1.47674,-1.87425,-25.2872,838970119,-0.397202,-1.23036,2.70935,-0.402714,-1.25086,2.69763,-0.381232,-1.25624,2.69763,-0.376077,-1.23565,2.70935,-0.425693,-1.33623,2.91156,-0.431613,-1.35824,2.89897,-0.408247,-1.3641,2.89897,-0.40271,-1.34199,2.91156
0.196319,1.47751,-1.85707,9.21819,838970120,-0.375643,-1.23576,2.70935,-0.380799,-1.25634,2.69763,-0.359316,-1.26172,2.69763,-0.354518,-1.24105,2.70935,-0.402276,-1.3421,2.91156,-0.407813,-1.3642,2.89897,-0.384446,-1.37006,2.89897,-0.379293,-1.34785,2.91156
0.11644,1.47745,-1.78804,15.6023,838970124,-0.289537,-1.25882,2.70935,-0.293243,-1.27971,2.69763,-0.271438,-1.28358,2.69763,-0.268094,-1.26262,2.70935,-0.308682,-1.36675,2.91156,-0.312663,-1.38919,2.89897,-0.288944,-1.3934,2.89897,-0.285353,-1.37089,2.91156
0.167662,1.47666,-1.70167,-10.2485,838970129,-0.180057,-1.28043,2.70935,-0.181925,-1.30157,2.69763,-0.159834,-1.30313,2.69763,-0.158334,-1.28197,2.70935,-0.189717,-1.38964,2.91156,-0.191722,-1.41234,2.89897,-0.167694,-1.41405,2.89897,-0.166083,-1.39131,2.91156
0.19608,1.47746,-1.68449,35.2452,838970130,-0.157888,-1.282,2.70935,-0.159388,-1.30317,2.69763,-0.137298,-1.30473,2.69763,-0.136165,-1.28354,2.70935,-0.165637,-1.39135,2.91156,-0.167248,-1.41408,2.89897,-0.14322,-1.41578,2.89897,-0.142003,-1.39302,2.91156
